0.173129	0.517970	0.517968	0.517970
0.196238	0.518958	0.518955	0.507138
0.218889	0.521174	0.521170	0.518957
0.420680	0.538153	0.538155	0.538159
0.583680	0.561798	0.561798	0.559576
0.613985	0.561790	0.561788	0.549970
0.637878	0.615952	0.615957	0.615955
0.804344	0.637370	0.637373	0.637370
0.825472	0.640567	0.640571	0.622850
0.892256	0.756271	0.756278	0.756279
0.979327	0.743967	0.743972	0.743974
0.986927	0.552932	0.552928	0.552934
1.025052	0.636636	0.636630	0.636639
1.051370	0.756278	0.756278	0.756278
1.074063	0.756272	0.756276	0.756279
1.128173	0.574345	0.574353	0.574348
1.132075	0.765387	0.765387	0.765383
1.152831	0.576560	0.576562	0.555019
1.156172	0.767605	0.767605	0.743968
1.221348	0.774492	0.774496	0.742002
1.269042	0.760704	0.760709	0.760709
1.306665	0.609065	0.609057	0.609060
1.385914	0.774498	0.774494	0.739783
1.393473	0.775480	0.775484	0.741999
1.395216	0.781386	0.781387	0.781388
1.399135	0.766126	0.766123	0.727721
1.521050	0.760213	0.760219	0.756274
1.535121	0.775480	0.775478	0.765139
1.539979	0.867062	0.867060	0.867058
1.555174	0.768337	0.768336	0.727722
1.573368	0.767114	0.767107	0.727717
1.575486	0.580499	0.580497	0.547024
1.619996	0.615951	0.615945	0.615953
1.620527	0.792837	0.793207	0.759724
1.652889	0.564250	0.564255	0.503091
1.676071	0.775481	0.775482	0.765141
1.705002	0.775479	0.775482	0.765138
1.716325	0.604137	0.604132	0.601426
1.730118	0.604135	0.604140	0.535200
1.757696	0.810933	0.810927	0.759725
1.763568	0.764645	0.764645	0.756276
1.787946	0.788282	0.788283	0.749882
1.813954	0.564750	0.565605	0.491760
1.822922	0.645985	0.645988	0.571154
1.833940	0.561792	0.562281	0.492371
1.844912	0.756278	0.750370	0.756275
1.885977	0.812903	0.812902	0.743969
1.892501	0.799111	0.799112	0.793207
1.936809	0.716394	0.716398	0.520435
1.941240	0.716394	0.716393	0.541850
1.942139	0.796650	0.796656	0.795664
1.957008	0.671837	0.671838	0.594778
1.959096	0.743970	0.743970	0.743969
1.960443	0.716398	0.716395	0.526584
1.973968	0.670606	0.670607	0.571145
1.978163	0.714429	0.714419	0.516494
1.981396	0.618910	0.618902	0.618419
1.982594	0.714422	0.714422	0.537917
2.003398	0.721812	0.721814	0.670604
2.004509	0.714426	0.714432	0.524376
2.009325	0.799117	0.799112	0.769573
2.031917	0.579150	0.580010	0.545788
2.073441	0.817828	0.817822	0.743969
2.086953	0.905466	0.905464	0.725749
2.097641	0.874939	0.874935	0.869034
2.106923	0.646482	0.646965	0.646482
2.122509	0.733629	0.733625	0.682423
2.124923	0.774497	0.774490	0.741997
2.149817	0.734613	0.734612	0.676513
2.157452	0.712458	0.712460	0.634665
2.166652	0.926144	0.926147	0.915804
2.183275	0.800102	0.800097	0.765136
2.201242	0.818808	0.818810	0.711475
2.203227	0.868048	0.868042	0.667160
2.222632	0.718365	0.718366	0.622842
2.262110	0.868044	0.868043	0.670852
2.262711	0.716397	0.716395	0.618908
2.265775	0.843422	0.843427	0.765139
2.272917	0.906944	0.906941	0.726734
2.274747	0.690304	0.690297	0.639584
2.274821	0.702120	0.697561	0.701129
2.275595	0.766125	0.766129	0.727717
2.276449	0.868047	0.868046	0.662975
2.286114	0.652880	0.652880	0.615956
2.288499	0.726241	0.726244	0.670486
2.319414	0.985229	0.985229	0.762682
2.351380	0.735599	0.735595	0.679221
2.374257	0.716148	0.716147	0.663219
2.385833	0.713934	0.713934	0.639583
2.407023	0.763174	0.763171	0.756280
2.410450	0.843426	0.843426	0.765138
2.415649	0.723288	0.723292	0.615952
2.416036	0.756271	0.756280	0.756279
2.456251	0.985229	0.985227	0.750249
2.457380	0.760216	0.760223	0.756274
2.458816	0.933038	0.933037	0.536194
2.475492	0.723290	0.723291	0.615955
2.485443	0.986214	0.986214	0.757753
2.510143	0.595276	0.595273	0.519815
2.531249	0.881832	0.881832	0.743970
2.531536	0.704085	0.704090	0.668142
2.541630	0.748892	0.748895	0.743968
2.555709	0.696215	0.696703	0.552931
2.557786	0.691161	0.692518	0.491384
2.576272	0.764897	0.765138	0.743971
2.605103	0.985231	0.985229	0.713448
2.639778	0.596012	0.596017	0.524742
2.655520	0.716399	0.716405	0.481040
2.659200	0.595277	0.595276	0.509846
2.666625	0.765141	0.765138	0.756282
2.677019	0.931560	0.931561	0.665680
2.684348	0.714430	0.714422	0.485598
2.687515	0.865090	0.865087	0.731166
2.690626	0.787300	0.787293	0.743970
2.707566	0.741999	0.739534	0.691290
2.707685	0.895616	0.895621	0.765137
2.722661	0.785327	0.785325	0.743968
2.740223	0.774493	0.774617	0.669130
2.748676	0.869031	0.869032	0.794562
2.749681	0.985228	0.985229	0.712954
2.754302	0.907436	0.907432	0.432791
2.766439	0.971935	0.971934	0.750370
2.775221	0.775478	0.775480	0.742001
2.786712	0.985228	0.985229	0.480433
2.802760	0.776961	0.776956	0.558347
2.831933	0.775482	0.775479	0.741998
2.838675	0.825702	0.825699	0.773020
2.841703	0.794681	0.794439	0.742002
2.850780	0.611028	0.611031	0.540620
2.878504	0.789265	0.781884	0.765141
2.882506	0.894636	0.894632	0.743971
2.897047	0.985231	0.985229	0.743967
2.897720	0.831609	0.831613	0.769078
2.905383	0.868538	0.868540	0.815365
2.906437	0.768097	0.768582	0.656820
2.923223	0.914330	0.914328	0.769572
2.925589	0.771542	0.771543	0.727723
2.941083	0.783235	0.784956	0.765143
2.947334	0.871979	0.871984	0.741995
2.966229	0.823734	0.824224	0.769571
2.966697	0.810442	0.810437	0.756277
2.981998	0.773514	0.772651	0.727721
3.007190	0.866075	0.867062	0.743968
3.008359	0.985230	0.985228	0.643664
3.019459	0.790496	0.790493	0.727722
3.024246	0.928608	0.928608	0.617918
3.024761	0.620509	0.621986	0.615952
3.030433	0.805025	0.805019	0.755790
3.037072	0.806992	0.806988	0.641066
3.047595	0.775477	0.775728	0.765140
3.089120	0.807728	0.807733	0.755785
3.098438	0.985229	0.985230	0.765140
3.110535	0.985229	0.985230	0.741996
3.112151	0.808221	0.808220	0.751848
3.114657	0.871002	0.870999	0.721808
3.117069	0.796158	0.796159	0.639582
3.131821	0.765630	0.765636	0.672571
3.140358	0.720833	0.720829	0.630232
3.151800	0.884784	0.884783	0.571146
3.171523	0.892664	0.892664	0.835061
3.175680	0.675041	0.675285	0.571152
3.178452	0.623098	0.623585	0.560565
3.190932	0.675529	0.671465	0.522522
3.197451	0.806990	0.806989	0.645987
3.213076	0.988182	0.988184	0.723902
3.221636	0.811912	0.811914	0.756279
3.261382	0.771541	0.771541	0.468984
3.282107	0.826687	0.826683	0.750862
3.288324	0.818316	0.818320	0.772775
3.306729	0.986216	0.986212	0.787792
3.316647	0.791231	0.791237	0.635150
3.336560	0.737073	0.737073	0.518093
3.355932	0.785330	0.785324	0.655203
3.370819	0.735101	0.735110	0.516490
3.383458	0.742246	0.742490	0.690794
3.416429	0.860165	0.860167	0.715904
3.432062	0.830626	0.830625	0.770555
3.449031	0.801578	0.801577	0.743968
3.453314	0.837519	0.837524	0.720580
3.475608	0.724277	0.724274	0.670606
3.493475	0.736340	0.736336	0.494337
3.501383	0.825702	0.825705	0.670605
3.506491	0.915317	0.915309	0.765142
3.539507	0.736214	0.736459	0.494950
3.540328	0.825707	0.825704	0.670605
3.570611	0.994091	0.994092	0.491512
3.571322	0.850809	0.851308	0.804038
3.572303	0.797142	0.797143	0.742004
3.594034	0.881832	0.881829	0.628260
3.616179	0.877524	0.877894	0.765139
3.629540	0.878384	0.878879	0.580254
3.632336	0.841460	0.841459	0.728215
3.632573	0.801085	0.801078	0.626784
3.645189	0.886755	0.886756	0.616452
3.645438	0.885771	0.885770	0.627274
3.654190	0.864108	0.864102	0.750862
3.688740	0.790740	0.790749	0.727722
3.688956	0.755047	0.755046	0.651654
3.728261	0.985228	0.985721	0.529793
3.735771	0.986213	0.986214	0.656329
3.752675	0.728206	0.728703	0.650911
3.767958	0.806003	0.806013	0.706546
3.785618	0.985721	0.985721	0.747418
3.787772	0.909897	0.909898	0.777943
3.793164	0.988183	0.988183	0.663717
3.813555	0.815855	0.815854	0.704211
3.864331	0.985229	0.985229	0.502698
3.866107	0.924665	0.924668	0.620753
3.866951	0.847369	0.847364	0.571149
3.927493	0.886755	0.885397	0.760708
3.974961	0.684390	0.684388	0.600694
4.041658	0.885031	0.885029	0.755782
4.042592	0.931069	0.931068	0.655342
4.051821	0.636141	0.641926	0.505162
4.053051	0.763664	0.763663	0.493850
4.057287	0.885524	0.885524	0.740646
4.091577	0.766618	0.766623	0.488920
4.095933	0.989661	0.989660	0.654726
4.170473	0.769692	0.771298	0.670606
4.233980	0.930576	0.930575	0.667161
4.259661	0.988183	0.988183	0.674914
4.283457	0.932794	0.932794	0.753325
4.315303	0.740769	0.740281	0.666787
4.414288	0.816962	0.819300	0.770558
4.466080	0.878874	0.878381	0.747905
4.482376	0.988183	0.988183	0.734121
4.491327	0.820410	0.820778	0.755781
4.511001	0.881095	0.880604	0.747904
4.524412	0.859422	0.859427	0.778930
4.661999	0.844902	0.844905	0.748893
4.993981	0.866570	0.863117	0.755784
