5.948607	0.585952	0.601429	0.495000
5.965293	0.510238	0.528810	0.461429
5.966676	0.494762	0.403571	0.529048
5.967512	0.471190	0.542143	0.493810
5.967713	0.481667	0.568333	0.524286
5.969479	0.505952	0.523810	0.586905
5.972783	0.558333	0.519286	0.524286
5.974103	0.558333	0.519286	0.480000
5.979810	0.476190	0.428095	0.500000
5.979810	0.470952	0.543333	0.491190
5.980290	0.509762	0.484524	0.548095
5.983127	0.596190	0.605238	0.533095
5.986632	0.351905	0.485476	0.529762
5.989301	0.528810	0.447381	0.470714
5.989905	0.490714	0.457143	0.538810
5.992327	0.504524	0.447857	0.542857
5.998325	0.552381	0.527619	0.577143
5.998325	0.528333	0.462381	0.562381
5.999242	0.506190	0.466190	0.518333
6.000035	0.533333	0.542143	0.500238
6.000961	0.534048	0.548095	0.504286
6.001273	0.437381	0.465714	0.539286
6.001474	0.532857	0.543333	0.490000
6.001864	0.510476	0.528571	0.528571
6.001864	0.537381	0.591190	0.451667
6.002747	0.461190	0.471905	0.505238
6.002844	0.571667	0.558095	0.500238
6.005430	0.505476	0.580714	0.547857
6.005664	0.490000	0.563333	0.515952
6.006299	0.437619	0.476429	0.484762
6.006544	0.544524	0.484762	0.519286
6.007572	0.447619	0.538571	0.456667
6.008532	0.553571	0.542619	0.514048
6.009337	0.548571	0.520000	0.538333
6.009649	0.467381	0.466190	0.518571
6.011493	0.585952	0.529048	0.538571
6.012050	0.568333	0.480238	0.514286
6.012967	0.523810	0.514762	0.491429
6.013726	0.493810	0.557381	0.471190
6.013759	0.494524	0.438571	0.543333
6.016116	0.486429	0.528095	0.538333
6.016583	0.481429	0.471190	0.466667
6.016751	0.485476	0.544762	0.499048
6.016999	0.375000	0.467381	0.461905
6.017032	0.519286	0.567619	0.566190
6.017342	0.447619	0.544286	0.524286
6.017680	0.586667	0.586190	0.528810
6.018271	0.565476	0.504524	0.461667
6.018627	0.514762	0.490476	0.442381
6.018661	0.476429	0.572381	0.557143
6.019420	0.567857	0.582381	0.539524
6.020088	0.500952	0.504048	0.538095
6.020225	0.456429	0.504524	0.495000
6.020770	0.491190	0.543095	0.554048
6.021108	0.476429	0.509762	0.548333
6.021296	0.494524	0.465476	0.510000
6.021622	0.476190	0.523810	0.461667
6.021776	0.475476	0.500476	0.486190
6.022119	0.446905	0.470000	0.505238
6.022257	0.475238	0.432857	0.422619
6.022737	0.490714	0.427619	0.500952
6.022861	0.544524	0.590952	0.476429
6.023653	0.475238	0.514286	0.509524
6.023718	0.556429	0.538333	0.567857
6.023730	0.586905	0.533333	0.557381
6.024009	0.505238	0.523810	0.518333
6.024613	0.510000	0.519048	0.457381
6.025406	0.490000	0.505476	0.500238
6.025483	0.537381	0.600000	0.577381
6.026322	0.432143	0.461429	0.557143
6.027205	0.557381	0.460952	0.556905
6.027282	0.510476	0.547857	0.557619
6.027840	0.481429	0.475714	0.485714
6.027887	0.562381	0.548333	0.494524
6.028256	0.576667	0.546905	0.523095
6.028444	0.534048	0.513095	0.533095
6.028444	0.477143	0.562619	0.462381
6.028444	0.557857	0.591429	0.557143
6.028444	0.499524	0.500714	0.533333
6.028555	0.452381	0.461190	0.443810
6.028847	0.470476	0.495000	0.485952
6.029172	0.566190	0.538333	0.509762
6.029404	0.500714	0.495714	0.446429
6.029404	0.462619	0.465952	0.543810
6.029683	0.509762	0.465952	0.505238
6.030321	0.514048	0.533333	0.538095
6.030364	0.471429	0.447619	0.504048
6.031204	0.393333	0.403571	0.499762
6.031281	0.539048	0.523333	0.485952
6.031549	0.457381	0.533810	0.485952
6.031872	0.557857	0.471429	0.538095
6.031996	0.494286	0.539524	0.518810
6.032553	0.489762	0.484762	0.509524
6.033269	0.548810	0.533333	0.485714
6.033470	0.490476	0.539762	0.525000
6.033547	0.491190	0.510476	0.538333
6.033594	0.437143	0.500476	0.475000
6.034028	0.447143	0.500476	0.485238
6.034722	0.509762	0.480476	0.500952
6.034833	0.548095	0.552857	0.480476
6.035514	0.490238	0.489048	0.484762
6.035656	0.581667	0.547381	0.495238
6.035827	0.461905	0.446190	0.469524
6.035981	0.480476	0.515476	0.505000
6.036058	0.505000	0.508333	0.451905
6.036337	0.539048	0.538810	0.501190
6.036384	0.509524	0.480000	0.509762
6.036418	0.538810	0.539524	0.537381
6.036461	0.393571	0.437381	0.532857
6.036697	0.451905	0.518571	0.500000
6.036787	0.515238	0.553095	0.518571
6.036898	0.505000	0.528333	0.515000
6.037099	0.500476	0.523333	0.546905
6.037099	0.495000	0.543810	0.485000
6.037177	0.519524	0.567381	0.485000
6.037455	0.485476	0.499762	0.524286
6.037613	0.547857	0.562381	0.437143
6.037858	0.538571	0.500476	0.518333
6.037858	0.427381	0.479524	0.523571
6.037935	0.567619	0.534524	0.451905
6.038539	0.466190	0.443095	0.537857
6.038650	0.452143	0.523333	0.467381
6.038831	0.524048	0.553333	0.480952
6.038942	0.378571	0.460952	0.524524
6.039053	0.480000	0.480952	0.499762
6.039144	0.476190	0.479762	0.543571
6.039859	0.567619	0.620238	0.523333
6.040416	0.480714	0.528333	0.543333
6.040527	0.452381	0.523810	0.495000
6.041007	0.533095	0.557143	0.533571
6.041319	0.505000	0.548333	0.494762
6.041377	0.441190	0.480238	0.557619
6.041487	0.528571	0.509286	0.505238
6.041521	0.461429	0.475714	0.467381
6.041813	0.514048	0.460952	0.543333
6.041813	0.460952	0.485000	0.532381
6.042357	0.485238	0.517857	0.474762
6.042448	0.505238	0.471190	0.499762
6.042481	0.399048	0.495476	0.490714
6.042884	0.442619	0.495714	0.490714
6.042928	0.423095	0.379286	0.514762
6.043364	0.524524	0.586190	0.547619
6.043565	0.485238	0.493810	0.479286
6.043844	0.452857	0.457619	0.476905
6.043877	0.366429	0.414524	0.533810
6.044032	0.470476	0.552857	0.514048
6.044247	0.471429	0.460952	0.534048
6.044324	0.518333	0.506429	0.467381
6.045194	0.432381	0.465952	0.490714
6.045318	0.422857	0.504524	0.481429
6.045318	0.524286	0.394524	0.465000
6.045486	0.576190	0.596667	0.505000
6.045630	0.489762	0.432857	0.451667
6.045922	0.575952	0.547857	0.576667
6.045987	0.475952	0.480952	0.494762
6.046077	0.466429	0.393810	0.477143
6.046201	0.576190	0.433810	0.567381
6.046402	0.538810	0.548571	0.495238
6.046701	0.418333	0.547619	0.504048
6.046714	0.548333	0.480714	0.538095
6.046993	0.606429	0.529762	0.590952
6.047460	0.480476	0.544286	0.524286
6.047473	0.427857	0.438333	0.513333
6.047675	0.519286	0.533810	0.553095
6.047752	0.542619	0.523095	0.490000
6.047910	0.595476	0.523095	0.451667
6.047910	0.524048	0.467143	0.557381
6.048155	0.500714	0.490238	0.485238
6.048155	0.476190	0.465476	0.499762
6.048189	0.423095	0.533095	0.471190
6.048420	0.572381	0.609762	0.547857
6.048591	0.515476	0.509762	0.500476
6.048947	0.461190	0.413095	0.513571
6.049071	0.474762	0.446667	0.486190
6.049071	0.490000	0.471429	0.485476
6.049239	0.558333	0.604762	0.476190
6.049337	0.494286	0.624762	0.504762
6.049427	0.644524	0.553810	0.518810
6.049538	0.500238	0.508571	0.529286
6.049739	0.418810	0.495000	0.475476
6.049830	0.457381	0.509762	0.553333
6.049864	0.461190	0.495000	0.509286
6.049894	0.562381	0.504524	0.572619
6.049941	0.442381	0.456429	0.529286
6.050065	0.504286	0.441667	0.548333
6.050310	0.426905	0.451429	0.499048
6.050498	0.518333	0.495000	0.475952
6.050680	0.490238	0.491190	0.471667
6.050979	0.513333	0.470476	0.557857
6.050992	0.500714	0.479048	0.566905
6.051103	0.489286	0.532619	0.447143
6.051214	0.542381	0.496190	0.524048
6.051227	0.528810	0.514524	0.481905
6.051304	0.504286	0.476429	0.553810
6.051304	0.590714	0.558810	0.557619
6.051583	0.503810	0.456667	0.495238
6.051895	0.528810	0.528333	0.480952
6.052019	0.490714	0.460952	0.500238
6.052019	0.556905	0.524524	0.518095
6.052187	0.586905	0.510238	0.500238
6.052187	0.480000	0.441190	0.519762
6.052654	0.528810	0.533810	0.499762
6.052778	0.480476	0.457619	0.504524
6.052778	0.524286	0.529524	0.490476
6.052855	0.519048	0.456667	0.475238
6.052902	0.571905	0.585238	0.533333
6.052979	0.644286	0.577381	0.500238
6.053181	0.533333	0.538095	0.495952
6.053181	0.513810	0.476190	0.538095
6.053335	0.437381	0.451905	0.529286
6.053460	0.490000	0.519762	0.471667
6.053661	0.476667	0.466667	0.518095
6.053739	0.457143	0.490952	0.528810
6.053815	0.414286	0.489524	0.490476
6.053896	0.528095	0.520238	0.562857
6.053940	0.500238	0.509048	0.532381
6.054141	0.499524	0.553571	0.525476
6.054252	0.514524	0.534048	0.549286
6.054376	0.485238	0.491190	0.527619
6.054497	0.547619	0.548571	0.539524
6.054856	0.585238	0.552857	0.495000
6.054933	0.542619	0.544048	0.461429
6.055336	0.562857	0.561905	0.523333
6.055413	0.590952	0.576905	0.576905
6.055413	0.475714	0.462619	0.539048
6.055524	0.533810	0.538095	0.535238
6.055725	0.538810	0.572857	0.505000
6.055974	0.534048	0.586190	0.462381
6.056018	0.414048	0.451190	0.524286
6.056018	0.543571	0.518571	0.500952
6.056081	0.471190	0.527619	0.479524
6.056485	0.562381	0.513095	0.500238
6.056921	0.615000	0.610952	0.518095
6.056999	0.485476	0.510476	0.505000
6.057381	0.562857	0.514762	0.484524
6.057401	0.480952	0.461667	0.470476
6.057569	0.533095	0.519286	0.529286
6.057569	0.542619	0.466190	0.489762
6.057693	0.548571	0.522857	0.543810
6.058005	0.447143	0.510476	0.491190
6.058374	0.566667	0.529048	0.558333
6.058562	0.543333	0.446667	0.466667
6.058687	0.557381	0.471190	0.534286
6.058687	0.591905	0.581905	0.450952
6.058999	0.562619	0.567381	0.486190
6.059043	0.418333	0.509286	0.572857
6.059167	0.548095	0.465952	0.548333
6.059167	0.493810	0.538571	0.495476
6.059321	0.495476	0.503810	0.514762
6.059321	0.582857	0.533810	0.548810
6.059570	0.539048	0.543810	0.499762
6.059647	0.417381	0.360714	0.490238
6.059959	0.499524	0.558810	0.481667
6.060083	0.500714	0.547619	0.499762
6.060127	0.494524	0.538810	0.475476
6.060238	0.600476	0.547857	0.508571
6.060271	0.475476	0.472143	0.460714
6.060362	0.533810	0.538095	0.505238
6.060439	0.590714	0.552619	0.460238
6.060439	0.634762	0.618571	0.561667
6.060483	0.534286	0.576429	0.557381
6.060563	0.485952	0.529048	0.515000
6.060594	0.566905	0.562143	0.529286
6.060607	0.499524	0.495238	0.505238
6.060705	0.490000	0.466905	0.484524
6.060718	0.504524	0.513095	0.476190
6.060718	0.413571	0.456667	0.547857
6.060919	0.439048	0.456429	0.514286
6.060919	0.510476	0.457381	0.543333
6.061043	0.451667	0.543333	0.533095
6.061121	0.490476	0.548095	0.480714
6.061198	0.471429	0.509524	0.486667
6.061433	0.485238	0.500000	0.495000
6.061433	0.549048	0.524286	0.493810
6.061554	0.481190	0.499286	0.490952
6.061635	0.485238	0.476667	0.480952
6.061678	0.548333	0.542143	0.470952
6.061836	0.499524	0.538810	0.509762
6.061880	0.592143	0.582619	0.549286
6.062115	0.509286	0.543571	0.474762
6.062115	0.538571	0.500714	0.480476
6.062192	0.455714	0.510000	0.456190
6.062192	0.399762	0.470476	0.499286
6.062269	0.475714	0.449048	0.509762
6.062484	0.552381	0.509524	0.528810
6.062518	0.471905	0.452381	0.504762
6.062796	0.441905	0.476667	0.495000
6.063075	0.528333	0.562857	0.519524
6.063276	0.446667	0.514524	0.543333
6.063307	0.491190	0.514286	0.539524
6.063387	0.442857	0.509286	0.498095
6.063465	0.447143	0.465238	0.558571
6.063588	0.456429	0.398571	0.538333
6.063588	0.461429	0.466667	0.518333
6.063588	0.424048	0.471190	0.499762
6.064068	0.524762	0.582857	0.525238
6.064472	0.470952	0.451190	0.523810
6.064549	0.524524	0.558571	0.543095
6.064583	0.436429	0.456667	0.505952
6.064673	0.489524	0.538810	0.472143
6.064952	0.475714	0.533571	0.548810
6.064985	0.504286	0.461190	0.563333
6.065029	0.447619	0.422619	0.465952
6.065029	0.524524	0.514048	0.525000
6.065264	0.538333	0.486190	0.528810
6.065452	0.567143	0.577619	0.504524
6.065744	0.490000	0.490000	0.509762
6.066069	0.482143	0.457619	0.485000
6.066100	0.553333	0.429048	0.514524
6.066113	0.428095	0.452619	0.481667
6.066113	0.505714	0.567381	0.509762
6.066224	0.437381	0.490000	0.475238
6.066224	0.514762	0.566667	0.486429
6.066549	0.461429	0.476429	0.485238
6.066580	0.495714	0.539286	0.508810
6.066580	0.457857	0.433095	0.542857
6.066580	0.528571	0.577143	0.490000
6.066704	0.476190	0.501905	0.519048
6.066781	0.515000	0.538810	0.524286
6.067016	0.495238	0.544524	0.571905
6.067184	0.528095	0.513333	0.485952
6.067309	0.499286	0.515238	0.509048
6.067510	0.484524	0.470714	0.528810
6.067573	0.495000	0.499762	0.513810
6.067651	0.470952	0.490714	0.520476
6.067775	0.490714	0.548571	0.528810
6.067852	0.500238	0.490952	0.528571
6.067990	0.476429	0.482143	0.539524
6.068054	0.528571	0.504524	0.538571
6.068289	0.423095	0.487381	0.447619
6.068457	0.494524	0.524286	0.495238
6.068491	0.470952	0.485476	0.562381
6.068581	0.485714	0.490000	0.570714
6.068581	0.538095	0.513810	0.480714
6.068645	0.413810	0.471667	0.524048
6.068782	0.431905	0.503810	0.519286
6.068893	0.528571	0.486429	0.465952
6.069061	0.527381	0.470714	0.557619
6.069497	0.446429	0.515000	0.490238
6.069618	0.494286	0.511429	0.490476
6.069618	0.509286	0.568333	0.553571
6.069652	0.518333	0.557143	0.481190
6.069665	0.448810	0.513810	0.485000
6.069853	0.515000	0.581429	0.443333
6.069853	0.485952	0.481667	0.481429
6.069867	0.495238	0.583333	0.547857
6.070055	0.443095	0.529524	0.490238
6.070145	0.505000	0.518095	0.500000
6.070209	0.529286	0.504286	0.519286
6.070290	0.433095	0.543333	0.500714
6.070535	0.465714	0.485238	0.500476
6.070535	0.451667	0.470714	0.553333
6.070535	0.551905	0.488810	0.558095
6.070535	0.495000	0.485714	0.490714
6.070612	0.537857	0.530238	0.534048
6.070659	0.485476	0.431667	0.515000
6.070814	0.456905	0.519524	0.466905
6.070847	0.567619	0.548571	0.538333
6.070891	0.466905	0.470952	0.541905
6.070938	0.484762	0.571429	0.471429
6.071002	0.542619	0.515000	0.504762
6.071002	0.533333	0.546429	0.534048
6.071495	0.476429	0.475238	0.515238
6.071495	0.413810	0.466667	0.476190
6.071575	0.524524	0.523095	0.485476
6.071606	0.620714	0.576905	0.524286
6.071619	0.480238	0.485000	0.524286
6.071683	0.471667	0.523571	0.524286
6.071807	0.523571	0.494048	0.552619
6.072086	0.471429	0.453095	0.524048
6.072210	0.452381	0.452381	0.482143
6.072287	0.480238	0.514286	0.486190
6.072475	0.475714	0.485000	0.563095
6.072536	0.595238	0.591667	0.509286
6.072767	0.518810	0.446905	0.460952
6.072767	0.489286	0.505714	0.510000
6.072878	0.365714	0.533333	0.484524
6.072878	0.423810	0.466429	0.466429
6.072878	0.432381	0.379524	0.524286
6.073127	0.456905	0.510000	0.509048
6.073170	0.494286	0.529286	0.546667
6.073372	0.462143	0.509048	0.451905
6.073483	0.461190	0.529286	0.457143
6.073496	0.475952	0.424048	0.505000
6.073775	0.572381	0.532857	0.533810
6.073808	0.610238	0.539048	0.500714
6.073839	0.552619	0.595952	0.523810
6.074164	0.570476	0.523810	0.485238
6.074164	0.553333	0.547143	0.490000
6.074567	0.428810	0.447143	0.510476
6.074644	0.452143	0.491905	0.499762
6.074755	0.511190	0.544286	0.499524
6.074768	0.480952	0.500952	0.519762
6.075080	0.567143	0.582143	0.581190
6.075158	0.494762	0.480714	0.520476
6.075235	0.405000	0.457381	0.461190
6.075235	0.413571	0.533810	0.500476
6.075359	0.533810	0.505714	0.499286
6.075514	0.451905	0.509524	0.515000
6.075527	0.452381	0.427381	0.480476
6.075728	0.495476	0.490476	0.533810
6.075728	0.426905	0.404524	0.484524
6.075749	0.557381	0.562143	0.562857
6.075839	0.510238	0.480952	0.496190
6.075839	0.518571	0.524048	0.504762
6.075853	0.489762	0.529048	0.524286
6.075896	0.379762	0.499762	0.542143
6.075964	0.465952	0.527857	0.529048
6.076041	0.509048	0.465476	0.505000
6.076084	0.460952	0.495238	0.547143
6.076132	0.448571	0.457381	0.486190
6.076195	0.557619	0.567857	0.510238
6.076276	0.480476	0.514762	0.503571
6.076397	0.514524	0.500476	0.497857
6.076431	0.471667	0.518095	0.480714
6.076431	0.457619	0.441905	0.451429
6.076501	0.597143	0.572143	0.583095
6.076568	0.551667	0.549048	0.556667
6.076988	0.520000	0.524762	0.495000
6.077065	0.460952	0.508810	0.551190
6.077125	0.480714	0.499762	0.557619
6.077125	0.500238	0.532619	0.524048
6.077236	0.562857	0.441905	0.441667
6.077280	0.442143	0.481190	0.476667
6.077357	0.533333	0.567381	0.490714
6.077357	0.586429	0.528095	0.549524
6.077437	0.528333	0.577143	0.480238
6.077515	0.528333	0.452143	0.567143
6.077548	0.481429	0.562857	0.418095
6.077716	0.524524	0.509286	0.470952
6.077716	0.577381	0.590476	0.558095
6.077760	0.523810	0.470714	0.513810
6.077917	0.476667	0.581190	0.490238
6.077917	0.610714	0.591667	0.528810
6.078149	0.538095	0.533810	0.503810
6.078196	0.442619	0.360476	0.495476
6.078196	0.547857	0.520238	0.515476
6.078273	0.524524	0.491190	0.519286
6.078552	0.470952	0.461429	0.495238
6.078552	0.567619	0.547143	0.535476
6.078676	0.524048	0.495000	0.424524
6.078864	0.581429	0.556667	0.567381
6.078864	0.524524	0.585952	0.544048
6.078878	0.533095	0.557619	0.519524
6.078878	0.480714	0.505476	0.533571
6.078912	0.615476	0.624048	0.476190
6.078989	0.552619	0.537381	0.566190
6.079032	0.470714	0.485000	0.491190
6.079066	0.543333	0.502381	0.505238
6.079113	0.485714	0.532381	0.534762
6.079190	0.456190	0.529048	0.524048
6.079345	0.428095	0.499524	0.509524
6.079358	0.403333	0.532381	0.543333
6.079546	0.601667	0.644762	0.590000
6.079714	0.421905	0.480714	0.477381
6.079748	0.485238	0.494524	0.467381
6.079748	0.543095	0.571190	0.509048
6.079794	0.437143	0.423571	0.485000
6.079838	0.451429	0.499762	0.490714
6.079949	0.524048	0.552381	0.490952
6.080106	0.568333	0.567143	0.470238
6.080150	0.467143	0.471429	0.481905
6.080228	0.542619	0.494524	0.552619
6.080228	0.572381	0.558810	0.552857
6.080261	0.549048	0.523333	0.523810
6.080305	0.519286	0.447381	0.557619
6.080942	0.427381	0.510000	0.485476
6.081033	0.446190	0.500000	0.537619
6.081067	0.509762	0.447381	0.495238
6.081097	0.532857	0.433095	0.514286
6.081131	0.562381	0.475238	0.513810
6.081221	0.465714	0.534762	0.519048
6.081221	0.543810	0.500476	0.514286
6.081221	0.528810	0.566905	0.520238
6.081234	0.470952	0.461429	0.533810
6.081345	0.485238	0.523810	0.528333
6.081577	0.509286	0.480714	0.485476
6.081624	0.592619	0.481190	0.466190
6.081701	0.501190	0.528333	0.538333
6.081715	0.422857	0.481905	0.499762
6.081778	0.408095	0.457143	0.532857
6.081903	0.499286	0.553810	0.538333
6.081903	0.505000	0.524524	0.557381
6.081903	0.485000	0.524286	0.494762
6.082027	0.568571	0.505476	0.476190
6.082027	0.456190	0.504286	0.518810
6.082182	0.470238	0.529762	0.538333
6.082306	0.505714	0.557381	0.499286
6.082306	0.515476	0.585714	0.466190
6.082339	0.557381	0.486667	0.436667
6.082383	0.515000	0.562857	0.534048
6.082430	0.539286	0.494762	0.470000
6.082507	0.452381	0.475714	0.500476
6.082631	0.548810	0.437143	0.475000
6.082675	0.499524	0.486429	0.557381
6.082695	0.548095	0.534048	0.472857
6.082819	0.590952	0.538095	0.508571
6.082866	0.500952	0.525000	0.527619
6.082943	0.572619	0.513333	0.480714
6.082987	0.485238	0.365238	0.480238
6.082987	0.375238	0.486429	0.462857
6.083299	0.581429	0.554048	0.548571
6.083377	0.437619	0.557857	0.446905
6.083377	0.413571	0.447381	0.510000
6.083591	0.470952	0.476190	0.462381
6.083702	0.466905	0.482143	0.475714
6.083746	0.495238	0.475476	0.524286
6.083779	0.515238	0.591667	0.548810
6.083779	0.572381	0.609762	0.462857
6.083779	0.527857	0.571190	0.501190
6.083981	0.525238	0.518571	0.460476
6.084259	0.513571	0.572143	0.490000
6.084259	0.533333	0.490238	0.513571
6.084259	0.500000	0.436667	0.529286
6.084384	0.509524	0.600714	0.499286
6.084384	0.518810	0.451667	0.562857
6.084384	0.523810	0.484286	0.562381
6.084508	0.475476	0.481667	0.543571
6.084525	0.542381	0.532857	0.557381
6.084649	0.552381	0.470952	0.528571
6.084864	0.414048	0.480476	0.485000
6.084975	0.562143	0.465952	0.512619
6.084975	0.438095	0.446190	0.452619
6.084975	0.475238	0.505238	0.480238
6.085176	0.432381	0.432381	0.500952
6.085254	0.452143	0.480952	0.494286
6.085331	0.548571	0.576905	0.543571
6.085331	0.538810	0.605952	0.446667
6.085532	0.504286	0.480714	0.533571
6.085579	0.571905	0.528810	0.513571
6.085656	0.533333	0.552619	0.490952
6.085700	0.529286	0.529286	0.475000
6.085734	0.534524	0.499762	0.470714
6.085734	0.567381	0.547381	0.533810
6.085922	0.543333	0.562143	0.529524
6.085935	0.486429	0.494524	0.475476
6.086136	0.456905	0.509048	0.528095
6.086136	0.538333	0.592143	0.458333
6.086247	0.614762	0.520714	0.499524
6.086415	0.581667	0.553095	0.494286
6.086492	0.557381	0.596905	0.513333
6.086573	0.557381	0.615952	0.543095
6.086603	0.500476	0.510476	0.467143
6.086727	0.524286	0.504762	0.529524
6.086740	0.436429	0.437143	0.475238
6.086804	0.490476	0.538095	0.566905
6.086895	0.446905	0.413810	0.524048
6.086928	0.586190	0.538571	0.475952
6.086928	0.553571	0.509286	0.490476
6.087096	0.475476	0.485476	0.561667
6.087096	0.486905	0.461667	0.524286
6.087207	0.445952	0.543333	0.525238
6.087221	0.543333	0.543095	0.446905
6.087597	0.538095	0.510238	0.510476
6.087597	0.572381	0.532857	0.537143
6.087812	0.523810	0.573095	0.509524
6.087845	0.509524	0.509048	0.583095
6.087889	0.595952	0.515476	0.509762
6.087889	0.595238	0.538810	0.538095
6.087923	0.567619	0.510238	0.527857
6.088013	0.442619	0.534524	0.495714
6.088013	0.471905	0.474762	0.548095
6.088279	0.465476	0.506190	0.495238
6.088325	0.423571	0.528333	0.524524
6.088369	0.533095	0.495476	0.525238
6.088369	0.496190	0.490714	0.499524
6.088493	0.509762	0.500238	0.548333
6.088493	0.514048	0.514048	0.548810
6.088883	0.476190	0.466190	0.494762
6.088973	0.490000	0.481667	0.519762
6.088973	0.557857	0.562857	0.524286
6.088973	0.528333	0.515476	0.523571
6.089007	0.457381	0.568333	0.491190
6.089084	0.582619	0.572619	0.509524
6.089097	0.504286	0.513333	0.524048
6.089161	0.500952	0.475952	0.474524
6.089161	0.418095	0.423095	0.519048
6.089195	0.485000	0.500476	0.481190
6.089208	0.432381	0.471667	0.504762
6.089252	0.537857	0.510952	0.471667
6.089285	0.538571	0.562143	0.561905
6.089564	0.481190	0.461429	0.514524
6.089564	0.544286	0.513571	0.509048
6.089564	0.418810	0.462619	0.481190
6.089765	0.414286	0.528333	0.514524
6.089933	0.519286	0.544524	0.475952
6.090044	0.533810	0.490952	0.528333
6.090121	0.539048	0.500000	0.486429
6.090169	0.451429	0.441905	0.466190
6.090169	0.573095	0.571905	0.485714
6.090202	0.394286	0.433810	0.442857
6.090212	0.418095	0.477381	0.500714
6.090246	0.456429	0.572381	0.455952
6.090246	0.576429	0.566905	0.462143
6.090246	0.558095	0.606190	0.480000
6.090357	0.451905	0.520000	0.523571
6.090434	0.572619	0.503810	0.528810
6.090481	0.581190	0.576667	0.530476
6.090494	0.524286	0.504524	0.452143
6.090558	0.441667	0.489524	0.513571
6.090558	0.398810	0.485238	0.519286
6.090558	0.532857	0.537381	0.510000
6.090558	0.505952	0.491190	0.514286
6.090726	0.503333	0.538810	0.500714
6.090726	0.422857	0.447619	0.495476
6.090837	0.443333	0.515238	0.481667
6.090850	0.446190	0.441667	0.494762
6.090850	0.485476	0.442619	0.476190
6.090850	0.528571	0.538095	0.566905
6.091162	0.470714	0.457619	0.566905
6.091162	0.538095	0.567619	0.529762
6.091162	0.500714	0.505476	0.456190
6.091317	0.571905	0.563095	0.489762
6.091330	0.533571	0.500476	0.477143
6.091642	0.528571	0.543333	0.530000
6.091642	0.529524	0.447143	0.466667
6.091642	0.442857	0.451667	0.505000
6.091720	0.548095	0.524048	0.519048
6.091908	0.451190	0.428333	0.509048
6.091954	0.499762	0.448095	0.557381
6.091998	0.485238	0.475952	0.474524
6.091998	0.595714	0.523810	0.505238
6.091999	0.514048	0.480714	0.529048
6.092122	0.495476	0.499762	0.490238
6.092122	0.513333	0.509286	0.495000
6.092233	0.504286	0.532619	0.556667
6.092246	0.490476	0.456905	0.509762
6.092277	0.524048	0.485238	0.519286
6.092277	0.477143	0.490000	0.490714
6.092434	0.548810	0.514524	0.505238
6.092478	0.500476	0.552381	0.548810
6.092713	0.481429	0.491190	0.505476
6.092881	0.519762	0.532857	0.442619
6.092881	0.471429	0.514048	0.537619
6.092992	0.552143	0.562619	0.543810
6.093006	0.496429	0.534286	0.508095
6.093083	0.447619	0.431667	0.533333
6.093083	0.524286	0.511190	0.514524
6.093083	0.513571	0.549048	0.494762
6.093194	0.403810	0.441667	0.490000
6.093227	0.452143	0.470714	0.581667
6.093395	0.539762	0.561667	0.543333
6.093395	0.610714	0.552381	0.519524
6.093395	0.462143	0.505476	0.542857
6.093472	0.427381	0.475714	0.490238
6.093660	0.475952	0.471667	0.499286
6.093687	0.515238	0.447619	0.452143
6.093798	0.470952	0.494762	0.445952
6.093798	0.529524	0.518810	0.538095
6.093862	0.494524	0.538333	0.524048
6.093875	0.544048	0.566429	0.495714
6.093999	0.596905	0.537857	0.485476
6.093999	0.390000	0.466429	0.471190
6.094187	0.529524	0.557381	0.543810
6.094278	0.443333	0.480714	0.489524
6.094342	0.518095	0.485000	0.543571
6.094342	0.552381	0.552381	0.485476
6.094435	0.606429	0.538333	0.505714
6.094466	0.558333	0.577381	0.470952
6.094466	0.428095	0.465476	0.519524
6.094479	0.476190	0.494048	0.528810
6.094479	0.552857	0.413571	0.481429
6.094543	0.509048	0.495476	0.518571
6.094590	0.556905	0.537857	0.513810
6.094791	0.490476	0.548571	0.515000
6.094791	0.534286	0.505476	0.581667
6.094946	0.495476	0.534286	0.534048
6.095258	0.562857	0.592619	0.529048
6.095271	0.456905	0.442619	0.581667
6.095315	0.554286	0.534286	0.547857
6.095396	0.490714	0.499762	0.514286
6.095426	0.404286	0.447381	0.542619
6.095426	0.528571	0.475714	0.563333
6.095426	0.484524	0.590714	0.509762
6.095550	0.509524	0.529048	0.509286
6.095627	0.524286	0.431905	0.465238
6.095627	0.526667	0.519048	0.475714
6.095675	0.629286	0.625714	0.582143
6.095675	0.476429	0.542857	0.500476
6.095752	0.465952	0.470476	0.505476
6.095752	0.518095	0.485238	0.451429
6.095752	0.456667	0.504286	0.547619
6.095752	0.442143	0.505476	0.519286
6.095752	0.485952	0.515714	0.470238
6.095876	0.423571	0.470952	0.562143
6.095940	0.542619	0.552619	0.558095
6.096030	0.490714	0.481905	0.567143
6.096030	0.558571	0.547381	0.558095
6.096030	0.518810	0.495714	0.523333
6.096030	0.432619	0.484762	0.527619
6.096155	0.528095	0.524048	0.511667
6.096343	0.466429	0.485476	0.528571
6.096356	0.505000	0.552619	0.518810
6.096511	0.519762	0.500476	0.490952
6.096544	0.456667	0.514524	0.491429
6.096544	0.499286	0.480952	0.500714
6.096668	0.494524	0.534048	0.537143
6.096712	0.505238	0.476429	0.475952
6.096823	0.495714	0.466667	0.475714
6.096900	0.534048	0.556905	0.596190
6.096947	0.466667	0.499524	0.505000
6.096947	0.562381	0.496429	0.548571
6.097192	0.567381	0.568095	0.474286
6.097192	0.572143	0.556667	0.557857
6.097272	0.552857	0.567381	0.580952
6.097460	0.575476	0.586905	0.481429
6.097504	0.412381	0.490476	0.466905
6.097628	0.548333	0.500952	0.481429
6.097659	0.472381	0.442381	0.489524
6.097692	0.427381	0.471905	0.456190
6.097783	0.605952	0.571429	0.446667
6.097796	0.557381	0.543333	0.523810
6.097816	0.500714	0.528810	0.538095
6.097816	0.620714	0.581905	0.529048
6.097894	0.552143	0.514048	0.470238
6.097907	0.446905	0.490476	0.509524
6.097907	0.494524	0.493333	0.548333
6.097940	0.480476	0.451905	0.484048
6.097971	0.504286	0.523810	0.533571
6.097984	0.499524	0.519524	0.519286
6.098095	0.514762	0.542619	0.543095
6.098108	0.571667	0.547381	0.533810
6.098108	0.601905	0.525000	0.519286
6.098108	0.479286	0.528333	0.524762
6.098108	0.514286	0.513810	0.547381
6.098108	0.548095	0.509762	0.519524
6.098172	0.566667	0.499286	0.490952
6.098173	0.461429	0.581905	0.495000
6.098233	0.563095	0.573095	0.547381
6.098512	0.522143	0.495238	0.524286
6.098545	0.520238	0.475714	0.428333
6.098901	0.528810	0.500000	0.464762
6.098901	0.491667	0.518810	0.509524
6.098901	0.548571	0.501429	0.466905
6.099025	0.523333	0.485476	0.533095
6.099069	0.452381	0.400000	0.476905
6.099069	0.505476	0.524286	0.484286
6.099069	0.549524	0.548810	0.499762
6.099132	0.470714	0.495238	0.519286
6.099180	0.451905	0.525476	0.485952
6.099368	0.443333	0.465952	0.451905
6.099536	0.485714	0.510000	0.518810
6.099660	0.586190	0.581667	0.495000
6.099737	0.553571	0.513810	0.500476
6.099737	0.465714	0.495238	0.510000
6.099784	0.375000	0.471190	0.582143
6.099861	0.524048	0.542857	0.500238
6.099861	0.470952	0.528095	0.524524
6.099861	0.495714	0.533095	0.495000
6.099895	0.461429	0.433095	0.485952
6.099972	0.475952	0.490476	0.548571
6.099985	0.557619	0.581429	0.543095
6.100029	0.529524	0.572381	0.523571
6.100217	0.524762	0.494762	0.525000
6.100217	0.542619	0.505476	0.495476
6.100220	0.537381	0.538333	0.500000
6.100264	0.510000	0.534048	0.528571
6.100341	0.572857	0.523571	0.561190
6.100452	0.475238	0.519762	0.562857
6.100452	0.568095	0.518810	0.496667
6.100465	0.445952	0.461190	0.505000
6.100465	0.542619	0.547857	0.456429
6.100576	0.413571	0.466905	0.533571
6.100653	0.523571	0.553810	0.539286
6.100697	0.404524	0.445714	0.481429
6.100744	0.489048	0.538810	0.547619
6.100744	0.489286	0.480476	0.527619
6.100777	0.581190	0.621429	0.533333
6.100777	0.532143	0.644524	0.538810
6.100777	0.562143	0.480476	0.510000
6.100777	0.566667	0.539286	0.500238
6.100777	0.418333	0.456190	0.519524
6.101133	0.499524	0.475476	0.529762
6.101133	0.533571	0.533810	0.450714
6.101258	0.586667	0.586667	0.523571
6.101613	0.484524	0.519286	0.565714
6.101724	0.470952	0.470714	0.491429
6.101738	0.414048	0.437857	0.533571
6.101738	0.456190	0.500476	0.481429
6.101815	0.586667	0.600952	0.537857
6.101849	0.543333	0.441905	0.542381
6.102050	0.504286	0.551429	0.490714
6.102050	0.451667	0.533333	0.470238
6.102128	0.509762	0.451429	0.513095
6.102141	0.495476	0.485238	0.467381
6.102174	0.552857	0.552619	0.451667
6.102205	0.510000	0.504762	0.495476
6.102205	0.547381	0.529762	0.520238
6.102205	0.480238	0.475238	0.527381
6.102218	0.484048	0.500238	0.532857
6.102218	0.557381	0.447381	0.524524
6.102329	0.562619	0.553095	0.572619
6.102510	0.475714	0.558095	0.542381
6.102530	0.485952	0.576905	0.499524
6.102654	0.528095	0.556905	0.539048
6.102809	0.448095	0.481429	0.515000
6.102886	0.490238	0.538333	0.525476
6.102966	0.490238	0.471667	0.514762
6.103010	0.514048	0.457619	0.591667
6.103010	0.466905	0.462143	0.500952
6.103010	0.499286	0.505238	0.508571
6.103010	0.475714	0.529524	0.505238
6.103054	0.456667	0.500000	0.518810
6.103165	0.509286	0.503571	0.477381
6.103178	0.538571	0.514524	0.544048
6.103289	0.519286	0.543810	0.499524
6.103289	0.470714	0.542143	0.548333
6.103289	0.600952	0.547857	0.490000
6.103322	0.436905	0.424048	0.438571
6.103413	0.509048	0.500476	0.514524
6.103490	0.523810	0.456667	0.533571
6.103524	0.577619	0.519286	0.542143
6.103769	0.489524	0.510000	0.485476
6.103769	0.533333	0.610476	0.524524
6.103782	0.535238	0.519762	0.495476
6.103802	0.451190	0.514762	0.524048
6.103846	0.509524	0.520000	0.485714
6.103880	0.528571	0.518571	0.523571
6.103970	0.505000	0.515000	0.538810
6.103970	0.547619	0.542143	0.529048
6.103970	0.528810	0.600714	0.528095
6.103970	0.509762	0.596429	0.524524
6.104081	0.457143	0.432857	0.505476
6.104094	0.456905	0.442143	0.538095
6.104205	0.457381	0.504762	0.533571
6.104407	0.505000	0.514762	0.471429
6.104437	0.451905	0.514286	0.514762
6.104450	0.467143	0.505238	0.542857
6.104561	0.494762	0.519048	0.532857
6.104561	0.524286	0.472619	0.514286
6.104749	0.490476	0.471429	0.538095
6.104763	0.553571	0.494286	0.548333
6.104763	0.479762	0.548571	0.534762
6.104763	0.528333	0.572381	0.472143
6.104887	0.465714	0.466667	0.548810
6.104887	0.514286	0.491667	0.483810
6.104931	0.528810	0.504762	0.533571
6.104965	0.485952	0.437143	0.481667
6.105055	0.480238	0.575952	0.485000
6.105075	0.495476	0.587381	0.524524
6.105166	0.552857	0.561905	0.462143
6.105243	0.582143	0.523810	0.529762
6.105354	0.533810	0.513810	0.548095
6.105367	0.471190	0.440476	0.495476
6.105367	0.534286	0.481429	0.499048
6.105367	0.418333	0.433810	0.519286
6.105478	0.451905	0.481429	0.504762
6.105491	0.424048	0.523571	0.456667
6.105522	0.514762	0.466667	0.528333
6.105522	0.610000	0.581905	0.543333
6.105555	0.433571	0.423333	0.465952
6.105646	0.523571	0.515000	0.495238
6.105723	0.505476	0.520476	0.495000
6.105723	0.475952	0.528095	0.514048
6.105757	0.576905	0.515000	0.544762
6.105847	0.562857	0.575952	0.465952
6.106049	0.460476	0.490000	0.533571
6.106159	0.567143	0.548571	0.508571
6.106203	0.480000	0.499524	0.494762
6.106283	0.461429	0.385238	0.465952
6.106327	0.461190	0.514286	0.553095
6.106327	0.518333	0.572143	0.486667
6.106438	0.518095	0.523333	0.533095
6.106562	0.532857	0.494524	0.495714
6.106562	0.455952	0.510238	0.510238
6.106717	0.557857	0.538333	0.558095
6.106764	0.557619	0.471190	0.514524
6.106807	0.511190	0.446667	0.495238
6.107119	0.508333	0.556667	0.460476
6.107244	0.480714	0.481905	0.475000
6.107244	0.523333	0.462143	0.520238
6.107324	0.485952	0.465238	0.489762
6.107398	0.432143	0.476667	0.510476
6.107398	0.537857	0.539048	0.566667
6.107556	0.514762	0.428571	0.533571
6.107600	0.524524	0.480952	0.475952
6.107711	0.470476	0.441905	0.524048
6.108003	0.422381	0.476429	0.465952
6.108036	0.571429	0.466429	0.548095
6.108080	0.465952	0.460952	0.523333
6.108080	0.485238	0.442619	0.508571
6.108080	0.474762	0.533571	0.558333
6.108191	0.538333	0.547857	0.491429
6.108204	0.446667	0.500952	0.518333
6.108204	0.514524	0.577143	0.491190
6.108204	0.596429	0.542619	0.534048
6.108315	0.432619	0.529762	0.514286
6.108315	0.456429	0.490000	0.518810
6.108315	0.538333	0.472143	0.509286
6.108328	0.499286	0.481190	0.500238
6.108392	0.399286	0.508810	0.475952
6.108516	0.509524	0.515000	0.499762
6.108516	0.432857	0.490476	0.489048
6.108594	0.510238	0.479762	0.467381
6.108594	0.456667	0.517857	0.480238
6.108640	0.523571	0.581667	0.537857
6.108684	0.500714	0.490000	0.456429
6.108684	0.548333	0.558095	0.495238
6.108684	0.429048	0.515000	0.557619
6.108748	0.548333	0.509762	0.466190
6.108795	0.505476	0.538333	0.562619
6.108873	0.519048	0.533810	0.490476
6.108996	0.509762	0.552619	0.548571
6.108996	0.475714	0.548333	0.505238
6.109107	0.495000	0.543095	0.537619
6.109120	0.539286	0.499524	0.566905
6.109120	0.524286	0.556667	0.479524
6.109151	0.542381	0.543095	0.539286
6.109386	0.509762	0.500714	0.523571
6.109399	0.508810	0.509524	0.470238
6.109476	0.553095	0.494762	0.515476
6.109600	0.533810	0.484762	0.490714
6.109788	0.528095	0.471667	0.556905
6.109956	0.484762	0.500714	0.558810
6.109956	0.533095	0.475714	0.523571
6.110081	0.457143	0.505238	0.494286
6.110144	0.475714	0.524048	0.480238
6.110144	0.448095	0.435952	0.480476
6.110235	0.456190	0.471667	0.537619
6.110269	0.494048	0.538333	0.490000
6.110303	0.595238	0.544524	0.542857
6.110393	0.541905	0.562143	0.495952
6.110393	0.577381	0.562143	0.538333
6.110484	0.471667	0.573095	0.534762
6.110625	0.495238	0.581190	0.509286
6.110625	0.481190	0.475714	0.524286
6.110625	0.557857	0.562619	0.447143
6.110705	0.533095	0.551667	0.484762
6.110749	0.635000	0.571905	0.441667
6.110749	0.485000	0.491667	0.485000
6.110873	0.393810	0.379762	0.470476
6.110873	0.466429	0.423333	0.485238
6.110951	0.432857	0.465952	0.505000
6.111028	0.538810	0.466429	0.495238
6.111041	0.447143	0.558095	0.490000
6.111152	0.423810	0.485952	0.500714
6.111229	0.495000	0.465714	0.470000
6.111340	0.475952	0.481905	0.510000
6.111340	0.437619	0.419286	0.485000
6.111619	0.524762	0.528810	0.479524
6.111632	0.524286	0.490952	0.485476
6.111665	0.503571	0.424524	0.514048
6.111709	0.508571	0.514048	0.504524
6.111789	0.567143	0.567143	0.543571
6.111833	0.557857	0.485476	0.514524
6.111897	0.567619	0.524286	0.553095
6.111988	0.514762	0.447857	0.513333
6.112112	0.480476	0.417619	0.476429
6.112145	0.542857	0.590714	0.495714
6.112145	0.485714	0.514286	0.549048
6.112145	0.561429	0.583571	0.514286
6.112189	0.567381	0.563333	0.510238
6.112270	0.465238	0.460952	0.480238
6.112300	0.543571	0.509286	0.527619
6.112300	0.518571	0.452619	0.557619
6.112313	0.565952	0.557381	0.575952
6.112313	0.442857	0.499524	0.470238
6.112424	0.510238	0.509286	0.490000
6.112424	0.437857	0.482143	0.499048
6.112750	0.538571	0.485952	0.495238
6.112750	0.548333	0.580952	0.515476
6.112813	0.455952	0.518333	0.451429
6.112813	0.461667	0.509048	0.538810
6.112904	0.491429	0.489286	0.508810
6.112918	0.451429	0.403571	0.452857
6.112918	0.417619	0.476429	0.437381
6.112981	0.572619	0.451667	0.524524
6.113029	0.548333	0.460952	0.547619
6.113092	0.596429	0.577143	0.546905
6.113106	0.485000	0.455952	0.533571
6.113106	0.471190	0.480952	0.480000
6.113230	0.504524	0.591429	0.448333
6.113294	0.482381	0.519524	0.542619
6.113462	0.523095	0.539286	0.513810
6.113462	0.553333	0.481905	0.523810
6.113509	0.499524	0.466429	0.519762
6.113542	0.476429	0.452143	0.504524
6.113620	0.476429	0.625238	0.524286
6.113697	0.527857	0.562381	0.533810
6.113885	0.408571	0.436429	0.461429
6.113942	0.491190	0.575952	0.499524
6.113989	0.519524	0.518810	0.535238
6.114301	0.505238	0.514524	0.533571
6.114378	0.519286	0.499286	0.480476
6.114392	0.437857	0.462143	0.533095
6.114502	0.470952	0.512619	0.533810
6.114502	0.451429	0.528095	0.509762
6.114502	0.519286	0.514286	0.538095
6.114593	0.558571	0.562143	0.523095
6.114657	0.442381	0.461905	0.490952
6.114670	0.615714	0.591190	0.528333
6.114670	0.494762	0.505476	0.475714
6.114690	0.490000	0.485238	0.518333
6.114858	0.499762	0.513095	0.528571
6.114858	0.408333	0.388333	0.485476
6.114969	0.519048	0.485000	0.513810
6.114982	0.480714	0.485714	0.504524
6.114982	0.529286	0.504286	0.533095
6.114982	0.514762	0.519762	0.500000
6.115026	0.480476	0.505476	0.514762
6.115170	0.423333	0.441429	0.457143
6.115294	0.538095	0.437857	0.480476
6.115338	0.553095	0.523810	0.461905
6.115462	0.567381	0.524286	0.500238
6.115462	0.509048	0.529048	0.494762
6.115573	0.471667	0.556905	0.489762
6.115650	0.567381	0.547143	0.503810
6.115698	0.527381	0.523571	0.460714
6.115818	0.504286	0.509762	0.529048
6.115899	0.456190	0.418333	0.504048
6.115943	0.605476	0.542143	0.620238
6.116067	0.582143	0.513333	0.567857
6.116255	0.534048	0.500000	0.472143
6.116255	0.484286	0.494762	0.515714
6.116366	0.528571	0.475714	0.447619
6.116534	0.500952	0.495238	0.476429
6.116534	0.616190	0.561190	0.480000
6.116547	0.563095	0.557619	0.490952
6.116658	0.550952	0.539286	0.481190
6.116735	0.552857	0.513810	0.485238
6.116859	0.504762	0.533095	0.533571
6.116859	0.499762	0.533095	0.558333
6.116890	0.567857	0.474286	0.500238
6.116903	0.480952	0.456667	0.505000
6.116983	0.610476	0.549048	0.524048
6.117138	0.446667	0.510000	0.515952
6.117138	0.419048	0.437857	0.442143
6.117138	0.524286	0.522857	0.490238
6.117171	0.456190	0.503571	0.519048
6.117215	0.609524	0.509048	0.485952
6.117215	0.447381	0.475476	0.523571
6.117295	0.451190	0.451667	0.571667
6.117326	0.525000	0.567857	0.494286
6.117339	0.552381	0.523571	0.509286
6.117339	0.471667	0.466429	0.504524
6.117339	0.519524	0.514762	0.558095
6.117527	0.533333	0.495238	0.475238
6.117682	0.557619	0.533571	0.556905
6.117695	0.485000	0.485714	0.513810
6.117806	0.486429	0.523810	0.466190
6.117806	0.582619	0.519286	0.528333
6.117806	0.495476	0.452143	0.548333
6.117819	0.423810	0.465952	0.509524
6.117930	0.539286	0.581667	0.523095
6.118007	0.510000	0.505238	0.513571
6.118131	0.495714	0.523095	0.465714
6.118131	0.514524	0.509762	0.510000
6.118131	0.447857	0.481190	0.485952
6.118131	0.433571	0.451429	0.481429
6.118131	0.576429	0.573333	0.518571
6.118410	0.432619	0.485238	0.528571
6.118424	0.485476	0.480952	0.495238
6.118487	0.461429	0.505714	0.456429
6.118565	0.498333	0.475714	0.524762
6.118612	0.471667	0.510238	0.537857
6.118612	0.514286	0.505476	0.490000
6.118642	0.466429	0.533571	0.533571
6.118780	0.527381	0.561190	0.499762
6.119092	0.480000	0.514524	0.547381
6.119092	0.538571	0.542619	0.561190
6.119169	0.567143	0.451429	0.500476
6.119404	0.534524	0.547857	0.489524
6.119495	0.566667	0.518571	0.490238
6.119495	0.443810	0.450714	0.529048
6.119572	0.557857	0.532857	0.518333
6.119572	0.547381	0.547857	0.534048
6.119572	0.548571	0.539048	0.543333
6.119572	0.529524	0.577857	0.453095
6.119572	0.409048	0.513810	0.505000
6.119928	0.630238	0.586190	0.567381
6.120008	0.557857	0.513571	0.524286
6.120086	0.486190	0.441905	0.500476
6.120132	0.447143	0.451667	0.485476
6.120163	0.577619	0.534524	0.560714
6.120176	0.528571	0.461667	0.547857
6.120287	0.474762	0.562381	0.538571
6.120287	0.538810	0.489762	0.503571
6.120287	0.576429	0.504524	0.448571
6.120300	0.447857	0.495000	0.546905
6.120320	0.505238	0.461667	0.452143
6.120364	0.457143	0.504524	0.491429
6.120364	0.455714	0.412857	0.495476
6.120364	0.485952	0.529524	0.542619
6.120488	0.534762	0.500476	0.538571
6.120488	0.504762	0.494762	0.557619
6.120612	0.515000	0.456429	0.490476
6.120643	0.519762	0.475952	0.533810
6.120767	0.490476	0.558095	0.552619
6.120800	0.508571	0.547619	0.480952
6.120844	0.460714	0.543571	0.543810
6.120968	0.495476	0.457619	0.527857
6.121200	0.479762	0.547857	0.495476
6.121234	0.509286	0.509524	0.476429
6.121324	0.418333	0.437619	0.490000
6.121324	0.485476	0.524048	0.543095
6.121435	0.471190	0.485952	0.462619
6.121449	0.394286	0.446190	0.489524
6.121560	0.528333	0.553571	0.601190
6.121637	0.480238	0.464762	0.538333
6.121684	0.553333	0.480476	0.508810
6.121804	0.519286	0.509048	0.461667
6.121885	0.604286	0.547619	0.510476
6.121915	0.514048	0.543810	0.524048
6.121929	0.513810	0.539524	0.480476
6.122040	0.528571	0.499524	0.494762
6.122164	0.398810	0.524286	0.461429
6.122164	0.431190	0.471667	0.494286
6.122194	0.509524	0.542619	0.519286
6.122197	0.595952	0.600238	0.581429
6.122241	0.576667	0.510238	0.533095
6.122241	0.595952	0.639286	0.480000
6.122241	0.510476	0.534048	0.547619
6.122319	0.494048	0.523810	0.490476
6.122365	0.561905	0.548571	0.540238
6.122409	0.505952	0.446667	0.503810
6.122520	0.447381	0.500476	0.481667
6.122567	0.442857	0.471190	0.480476
6.122597	0.562857	0.558095	0.571190
6.122644	0.567381	0.529048	0.528333
6.122644	0.562619	0.600952	0.557619
6.122845	0.432143	0.500476	0.489762
6.122845	0.591667	0.539048	0.457143
6.122909	0.563095	0.538333	0.490238
6.123013	0.427381	0.480476	0.552143
6.123033	0.548333	0.524524	0.538333
6.123033	0.514286	0.529048	0.547619
6.123111	0.563333	0.557143	0.508810
6.123188	0.480952	0.484762	0.495476
6.123201	0.561667	0.547857	0.490952
6.123312	0.441429	0.510000	0.508333
6.123325	0.552381	0.519524	0.537857
6.123325	0.460476	0.481667	0.548571
6.123389	0.457619	0.467143	0.538333
6.123513	0.567619	0.701905	0.543333
6.123637	0.486190	0.471190	0.519048
6.123637	0.519524	0.490476	0.563095
6.123681	0.418571	0.465952	0.556190
6.123681	0.523810	0.524286	0.509286
6.123728	0.514762	0.486190	0.456905
6.123805	0.566667	0.514524	0.509524
6.123883	0.384286	0.389762	0.495476
6.123993	0.433095	0.432619	0.485000
6.123993	0.432619	0.480476	0.486190
6.123993	0.539524	0.543810	0.504286
6.124118	0.548571	0.533571	0.557857
6.124473	0.465952	0.528571	0.506190
6.124598	0.529762	0.504762	0.466905
6.124598	0.509762	0.562381	0.532619
6.124598	0.572619	0.528571	0.480238
6.124877	0.548571	0.547619	0.534048
6.124877	0.563810	0.552143	0.529286
6.125001	0.533333	0.591190	0.481190
6.125065	0.494286	0.552143	0.490238
6.125078	0.572857	0.580952	0.572619
6.125313	0.505238	0.542857	0.457143
6.125357	0.480714	0.538571	0.480714
6.125357	0.576667	0.548095	0.581429
6.125434	0.505476	0.485238	0.489048
6.125481	0.422857	0.438095	0.475476
6.125558	0.432381	0.520000	0.508810
6.125558	0.486667	0.460952	0.533333
6.125669	0.549048	0.520000	0.504524
6.125682	0.452143	0.437143	0.470952
6.125746	0.568095	0.538333	0.475952
6.125746	0.537857	0.480238	0.428571
6.125994	0.481667	0.524524	0.519762
6.125994	0.585476	0.530714	0.461190
6.125994	0.547381	0.533571	0.573095
6.126149	0.465952	0.509524	0.461667
6.126149	0.553333	0.491429	0.557143
6.126162	0.561905	0.528095	0.514762
6.126226	0.570952	0.577143	0.546905
6.126350	0.529286	0.534048	0.475952
6.126350	0.503095	0.513810	0.568095
6.126350	0.600238	0.519048	0.504286
6.126350	0.523810	0.461429	0.505714
6.126350	0.523095	0.519286	0.476667
6.126461	0.456905	0.472381	0.548810
6.126474	0.472619	0.431429	0.500238
6.126538	0.523810	0.501190	0.462143
6.126753	0.524286	0.500714	0.557619
6.126787	0.495000	0.561429	0.475714
6.126830	0.442381	0.534762	0.481429
6.126830	0.476190	0.505476	0.451429
6.126941	0.428333	0.409048	0.490952
6.126941	0.422857	0.481190	0.532143
6.126941	0.499524	0.466190	0.567857
6.126955	0.433095	0.461905	0.528333
6.127109	0.437857	0.524048	0.471667
6.127122	0.436905	0.432381	0.476190
6.127233	0.515238	0.500476	0.590714
6.127310	0.538571	0.500238	0.542619
6.127358	0.581190	0.533810	0.543333
6.127358	0.528810	0.384762	0.515476
6.127546	0.543571	0.515000	0.509524
6.127546	0.490952	0.476190	0.470952
6.127623	0.466667	0.510000	0.456429
6.127747	0.500476	0.446190	0.505476
6.127858	0.515000	0.452857	0.475952
6.127902	0.505952	0.572857	0.470714
6.127915	0.499524	0.476190	0.524286
6.128026	0.494524	0.528571	0.515000
6.128103	0.409048	0.514524	0.541905
6.128103	0.426905	0.514524	0.490714
6.128103	0.542619	0.538333	0.509524
6.128227	0.414048	0.480000	0.471429
6.128227	0.437381	0.471905	0.495238
6.128227	0.542619	0.582619	0.532857
6.128338	0.462857	0.505000	0.495714
6.128351	0.533571	0.514524	0.470952
6.128351	0.524286	0.486190	0.485952
6.128382	0.462381	0.558095	0.456429
6.128415	0.504762	0.553571	0.480952
6.128506	0.437381	0.465000	0.476190
6.128570	0.557857	0.576905	0.588095
6.128583	0.519286	0.541667	0.485000
6.128630	0.519048	0.465952	0.537857
6.128707	0.524762	0.495476	0.561429
6.128707	0.499286	0.490238	0.461905
6.128818	0.499524	0.462143	0.504524
6.128831	0.499524	0.547619	0.523810
6.128986	0.447381	0.417857	0.473333
6.129298	0.556429	0.500000	0.529762
6.129422	0.538333	0.505714	0.510000
6.129486	0.485238	0.548333	0.523810
6.129590	0.412857	0.489762	0.480714
6.129624	0.537143	0.556905	0.519762
6.129701	0.538095	0.509286	0.558095
6.129778	0.587143	0.621190	0.514762
6.129778	0.428095	0.529524	0.504524
6.129792	0.403095	0.475714	0.524286
6.129855	0.441190	0.418810	0.490714
6.129979	0.433333	0.423095	0.485238
6.129979	0.490714	0.538333	0.504524
6.130090	0.418095	0.451905	0.456905
6.130460	0.466905	0.485714	0.537381
6.130460	0.485714	0.452143	0.519762
6.130460	0.519286	0.515000	0.529048
6.130523	0.480714	0.499048	0.505238
6.130571	0.552143	0.561667	0.505000
6.130584	0.485952	0.552857	0.561667
6.130584	0.548333	0.490952	0.557619
6.130628	0.514048	0.413333	0.515000
6.130695	0.466429	0.523095	0.490000
6.130772	0.461429	0.547857	0.465714
6.130832	0.495238	0.533333	0.495476
6.130940	0.462143	0.518810	0.529048
6.131128	0.471429	0.543095	0.534286
6.131252	0.438571	0.471905	0.513810
6.131252	0.534048	0.462381	0.485238
6.131252	0.575952	0.465238	0.524524
6.131299	0.475714	0.467381	0.490476
6.131376	0.456190	0.519286	0.484762
6.131454	0.542619	0.567381	0.512857
6.131578	0.471190	0.543571	0.544048
6.131635	0.586190	0.577143	0.509048
6.131668	0.462381	0.461667	0.460952
6.131732	0.427619	0.470952	0.542857
6.131843	0.596429	0.557619	0.509524
6.131856	0.494286	0.485714	0.484048
6.131856	0.600952	0.519524	0.508810
6.131980	0.417857	0.471429	0.500476
6.131980	0.533810	0.510000	0.561905
6.132011	0.506667	0.525000	0.509762
6.132024	0.476667	0.519762	0.509048
6.132135	0.471905	0.484762	0.533095
6.132168	0.551905	0.466905	0.533095
6.132336	0.547143	0.460476	0.523571
6.132336	0.495000	0.498810	0.476190
6.132461	0.557857	0.571190	0.567381
6.132726	0.538810	0.529286	0.543095
6.132941	0.443095	0.405000	0.490238
6.132941	0.548095	0.519048	0.524762
6.133004	0.524286	0.514524	0.470952
6.133018	0.379524	0.444048	0.490238
6.133129	0.509762	0.485476	0.520476
6.133129	0.543333	0.595238	0.509524
6.133253	0.470476	0.509762	0.510476
6.133283	0.549048	0.504048	0.533571
6.133297	0.432619	0.514762	0.480476
6.133297	0.529048	0.509524	0.510238
6.133408	0.510000	0.510238	0.519286
6.133499	0.503571	0.424524	0.524524
6.133700	0.469286	0.466667	0.460952
6.133733	0.556905	0.455000	0.509524
6.133733	0.562381	0.529762	0.481190
6.133797	0.485238	0.441667	0.520238
6.133901	0.570714	0.470476	0.553095
6.133921	0.477143	0.437857	0.486429
6.134089	0.398571	0.462381	0.539048
6.134089	0.456429	0.509762	0.576667
6.134492	0.537857	0.514286	0.548333
6.134569	0.586905	0.518333	0.514286
6.134569	0.432381	0.529048	0.480952
6.134680	0.475714	0.466905	0.592143
6.134693	0.412143	0.509286	0.462381
6.134693	0.519286	0.533810	0.490238
6.134881	0.481190	0.505000	0.485952
6.135005	0.480714	0.470476	0.543333
6.135160	0.408810	0.514286	0.417143
6.135173	0.418333	0.558333	0.480714
6.135173	0.484762	0.518333	0.456905
6.135173	0.499048	0.517857	0.509286
6.135452	0.495476	0.465952	0.509286
6.135485	0.524048	0.505714	0.528095
6.135687	0.419048	0.510238	0.471429
6.135764	0.446667	0.485238	0.485714
6.135764	0.499048	0.461190	0.494524
6.135778	0.485238	0.388571	0.514286
6.135889	0.446667	0.535238	0.499762
6.135966	0.480238	0.524286	0.484048
6.135966	0.470000	0.510714	0.518333
6.136090	0.518810	0.551905	0.524524
6.136322	0.485476	0.514524	0.455476
6.136369	0.428095	0.528810	0.491429
6.136369	0.519048	0.527857	0.557619
6.136446	0.519048	0.562143	0.476190
6.136446	0.499286	0.433095	0.561905
6.136493	0.499048	0.466429	0.577857
6.136557	0.445952	0.371190	0.515476
6.136557	0.576429	0.586429	0.561905
6.136557	0.456667	0.456190	0.515000
6.136570	0.582143	0.600952	0.543571
6.136570	0.491190	0.490238	0.495238
6.136570	0.629762	0.592143	0.514524
6.136634	0.490714	0.518810	0.495000
6.136758	0.543095	0.528810	0.472143
6.136849	0.563095	0.519048	0.514524
6.136882	0.528095	0.610238	0.528333
6.137037	0.475000	0.566905	0.476190
6.137050	0.465714	0.462381	0.470952
6.137362	0.475952	0.485714	0.510000
6.137564	0.495714	0.528810	0.515000
6.137641	0.477143	0.495000	0.518571
6.137718	0.489048	0.471190	0.548810
6.137765	0.461667	0.438810	0.524524
6.137967	0.465952	0.475714	0.491667
6.138121	0.505000	0.557381	0.514286
6.138155	0.460476	0.450476	0.480952
6.138198	0.476190	0.500238	0.491667
6.138198	0.528571	0.504524	0.476190
6.138322	0.528333	0.465714	0.510238
6.138322	0.451190	0.557857	0.486429
6.138803	0.490476	0.529048	0.552857
6.138914	0.567857	0.543095	0.577381
6.138914	0.485238	0.518333	0.490238
6.138927	0.552857	0.479524	0.489762
6.138991	0.524048	0.510476	0.534762
6.139038	0.585476	0.508810	0.573333
6.139082	0.490952	0.500714	0.500476
6.139115	0.548333	0.615000	0.485476
6.139115	0.514524	0.537619	0.551429
6.139239	0.481190	0.534286	0.455000
6.139317	0.614762	0.570952	0.495952
6.139471	0.440952	0.471905	0.504762
6.139750	0.465714	0.484762	0.485238
6.139887	0.515000	0.419286	0.462143
6.139887	0.475952	0.539048	0.533571
6.139907	0.515000	0.503810	0.528810
6.140011	0.539286	0.442619	0.514524
6.140075	0.431905	0.485952	0.442857
6.140186	0.447857	0.431905	0.519762
6.140199	0.447381	0.514524	0.485476
6.140199	0.519524	0.466429	0.510476
6.140367	0.494524	0.481190	0.504286
6.140387	0.422381	0.456190	0.461190
6.140555	0.505238	0.475952	0.461429
6.140555	0.450952	0.470476	0.534048
6.140666	0.519286	0.509048	0.510000
6.140958	0.513810	0.515000	0.519286
6.141270	0.510000	0.553333	0.499286
6.141347	0.595476	0.510000	0.548571
6.141472	0.479762	0.590476	0.523810
6.141472	0.451429	0.476429	0.503571
6.141828	0.532381	0.532857	0.524762
6.141828	0.491190	0.552619	0.519762
6.141828	0.590714	0.505000	0.494524
6.141828	0.504524	0.455714	0.480476
6.141828	0.474762	0.522857	0.495000
6.141952	0.481190	0.437143	0.513810
6.141952	0.494286	0.495476	0.481190
6.142076	0.500952	0.544524	0.519048
6.142231	0.484762	0.503810	0.514762
6.142231	0.547619	0.505000	0.538333
6.142432	0.504048	0.523810	0.496429
6.142556	0.437381	0.518095	0.461190
6.142620	0.562143	0.500476	0.563571
6.142680	0.509762	0.515238	0.466905
6.142912	0.581190	0.514286	0.519762
6.142912	0.552619	0.635238	0.441667
6.142912	0.491905	0.452143	0.528333
6.143036	0.407857	0.395000	0.514524
6.143348	0.491190	0.461429	0.533810
6.143348	0.456667	0.481190	0.509762
6.143348	0.451190	0.470952	0.500714
6.143503	0.538333	0.484762	0.451905
6.143516	0.462143	0.543810	0.499524
6.143580	0.495476	0.514286	0.538571
6.143580	0.568095	0.528095	0.567619
6.143640	0.423095	0.500714	0.476667
6.143704	0.499286	0.495000	0.534286
6.143782	0.528571	0.456905	0.533095
6.143953	0.582381	0.514048	0.524286
6.144107	0.552619	0.562619	0.488571
6.144218	0.553333	0.499762	0.475000
6.144309	0.500000	0.442857	0.518333
6.144372	0.490476	0.446429	0.557381
6.144621	0.519286	0.486190	0.571905
6.144745	0.520952	0.529048	0.557857
6.144913	0.480952	0.490000	0.457619
6.145101	0.558095	0.533571	0.533571
6.145101	0.534048	0.479048	0.548095
6.145101	0.591905	0.538571	0.557857
6.145256	0.457143	0.471190	0.480476
6.145380	0.452857	0.500952	0.437857
6.145393	0.486905	0.548571	0.517857
6.145393	0.542619	0.592381	0.568095
6.145504	0.480238	0.471429	0.552619
6.145581	0.519048	0.470714	0.510238
6.145581	0.442143	0.418095	0.505238
6.145581	0.480714	0.547619	0.543333
6.145581	0.456190	0.522857	0.557857
6.145705	0.485476	0.466667	0.496429
6.145769	0.491667	0.500714	0.551667
6.145816	0.499524	0.591905	0.543571
6.145984	0.480000	0.409286	0.504762
6.146061	0.529048	0.519762	0.452381
6.146249	0.491190	0.513810	0.480952
6.146541	0.566667	0.597619	0.590952
6.146729	0.548095	0.495000	0.456905
6.146901	0.567381	0.523571	0.539524
6.147334	0.379762	0.379762	0.475952
6.147334	0.480714	0.462381	0.467143
6.147334	0.476190	0.540000	0.547857
6.147334	0.533095	0.470714	0.471429
6.147612	0.537381	0.534286	0.582857
6.147612	0.480476	0.532381	0.505238
6.147626	0.471429	0.441667	0.504048
6.147626	0.505952	0.534524	0.509524
6.147646	0.662857	0.567857	0.475952
6.147814	0.466429	0.485238	0.485476
6.147814	0.491190	0.543571	0.528333
6.147938	0.528571	0.529762	0.567143
6.148250	0.495000	0.504762	0.494286
6.148418	0.518810	0.566667	0.500000
6.148529	0.528810	0.639762	0.515000
6.148542	0.518810	0.442857	0.577143
6.148730	0.625238	0.596190	0.500714
6.148730	0.495952	0.485238	0.566667
6.148808	0.495000	0.489762	0.495476
6.148854	0.452143	0.482143	0.494762
6.148898	0.562143	0.485714	0.495476
6.149009	0.490000	0.556429	0.495000
6.149009	0.447619	0.494286	0.523333
6.149009	0.571190	0.586667	0.519762
6.149042	0.572619	0.480476	0.568095
6.149086	0.433095	0.469762	0.457143
6.149210	0.418333	0.369286	0.514524
6.149210	0.557857	0.606667	0.490952
6.149334	0.422857	0.432143	0.447143
6.149334	0.549048	0.515714	0.481429
6.149489	0.417381	0.452857	0.510714
6.149502	0.389762	0.409048	0.509524
6.150094	0.485238	0.490476	0.514286
6.150295	0.606429	0.460952	0.479762
6.150406	0.490000	0.472143	0.537381
6.150439	0.465714	0.456905	0.490952
6.150483	0.565952	0.548810	0.533095
6.150483	0.499524	0.514762	0.484524
6.150607	0.527857	0.503571	0.471190
6.150839	0.490238	0.538810	0.466429
6.150963	0.518810	0.525000	0.510238
6.150963	0.505000	0.493810	0.532857
6.150963	0.470476	0.509524	0.495238
6.151087	0.520000	0.418095	0.481905
6.151087	0.467143	0.466667	0.481667
6.151087	0.500714	0.507619	0.546905
6.151211	0.436429	0.417619	0.590714
6.151255	0.547619	0.457619	0.450952
6.151366	0.538571	0.514286	0.499762
6.151443	0.437857	0.461190	0.505476
6.151755	0.553810	0.556667	0.495238
6.151859	0.385476	0.433810	0.470714
6.152047	0.510238	0.596190	0.505476
6.152047	0.544048	0.524048	0.472619
6.152047	0.476429	0.524524	0.558333
6.152047	0.538810	0.518810	0.504524
6.152171	0.548095	0.490476	0.562143
6.152235	0.476190	0.471667	0.535000
6.152359	0.528571	0.548810	0.476905
6.152638	0.538571	0.549048	0.496190
6.152840	0.470952	0.504762	0.525000
6.152930	0.577143	0.610714	0.523810
6.152930	0.549048	0.599762	0.548810
6.152964	0.451667	0.520238	0.539286
6.153444	0.437143	0.462143	0.534286
6.153444	0.490238	0.470238	0.471905
6.153444	0.466429	0.533095	0.475714
6.153444	0.509524	0.494048	0.538571
6.153632	0.475476	0.455952	0.542619
6.153723	0.562143	0.581667	0.532857
6.153800	0.472143	0.437143	0.514048
6.153924	0.475238	0.431905	0.471667
6.153924	0.432143	0.418571	0.495238
6.154035	0.528571	0.529286	0.558333
6.154048	0.480476	0.514524	0.447619
6.154236	0.538333	0.596905	0.534524
6.154327	0.482619	0.495000	0.543571
6.154391	0.523333	0.466667	0.509524
6.154515	0.556905	0.477857	0.461429
6.154639	0.417619	0.436905	0.520238
6.154840	0.572857	0.514286	0.542857
6.154840	0.548571	0.494048	0.524286
6.155008	0.409286	0.403810	0.442857
6.155008	0.518571	0.480238	0.490714
6.155196	0.519048	0.441429	0.533571
6.155196	0.571905	0.422857	0.538810
6.155321	0.537857	0.494048	0.495714
6.155475	0.625000	0.533810	0.500000
6.155509	0.458333	0.542857	0.442381
6.155509	0.500952	0.524524	0.519762
6.155600	0.484524	0.518333	0.490952
6.155676	0.533333	0.523333	0.513810
6.155864	0.447619	0.466905	0.551905
6.155955	0.504762	0.491667	0.457143
6.156113	0.456429	0.427143	0.504762
6.156157	0.412143	0.438333	0.456667
6.156157	0.557619	0.494524	0.500476
6.156157	0.414048	0.432857	0.505000
6.156268	0.486190	0.562381	0.505476
6.156281	0.504762	0.582143	0.485952
6.156469	0.523571	0.456905	0.524048
6.156469	0.514762	0.510476	0.499524
6.156671	0.505714	0.576667	0.490000
6.156748	0.533571	0.509286	0.558571
6.157073	0.553810	0.519524	0.495238
6.157197	0.493571	0.521190	0.524762
6.157305	0.470714	0.485714	0.538810
6.157352	0.479762	0.480714	0.475714
6.157385	0.480952	0.524048	0.480952
6.157553	0.548095	0.567143	0.510238
6.157553	0.557381	0.534048	0.490476
6.157865	0.451667	0.428095	0.499048
6.157909	0.509286	0.563810	0.486190
6.157990	0.490714	0.530238	0.485238
6.158033	0.484524	0.480476	0.518571
6.158269	0.441667	0.509048	0.485476
6.158282	0.562143	0.563571	0.548571
6.158513	0.403810	0.494762	0.519524
6.158513	0.549048	0.485000	0.582143
6.158624	0.539524	0.568810	0.527143
6.158701	0.491190	0.596667	0.475476
6.158950	0.552381	0.566667	0.508095
6.158950	0.484762	0.385714	0.518810
6.158950	0.482381	0.557857	0.553095
6.159229	0.490000	0.528810	0.509048
6.159229	0.524286	0.528810	0.528810
6.159262	0.437619	0.485714	0.552619
6.159306	0.534048	0.544286	0.531905
6.159430	0.509524	0.480476	0.553571
6.159786	0.504524	0.460952	0.461190
6.159786	0.481905	0.447381	0.519286
6.159910	0.470000	0.480952	0.529524
6.160098	0.509762	0.537857	0.485714
6.160222	0.595714	0.549286	0.485714
6.160454	0.438333	0.504524	0.485000
6.160501	0.586667	0.577381	0.557857
6.160578	0.481429	0.490476	0.504762
6.160702	0.581667	0.509762	0.490000
6.160702	0.447619	0.486905	0.518810
6.160702	0.480952	0.513095	0.519048
6.160827	0.514286	0.505714	0.471905
6.160827	0.506667	0.562619	0.538095
6.160995	0.475714	0.470952	0.509762
6.161058	0.423095	0.495714	0.498571
6.161106	0.370714	0.379762	0.529524
6.161495	0.465238	0.577143	0.547857
6.161538	0.559762	0.572619	0.519048
6.161663	0.409048	0.481429	0.484048
6.161663	0.461190	0.494762	0.480714
6.161787	0.393095	0.470238	0.510952
6.162019	0.448095	0.428810	0.446667
6.162331	0.538333	0.514524	0.523571
6.162331	0.509762	0.519286	0.509524
6.162378	0.538810	0.490476	0.539048
6.162455	0.462143	0.422857	0.525000
6.162546	0.490238	0.505476	0.513810
6.162623	0.600952	0.534286	0.515000
6.162811	0.513571	0.567857	0.529048
6.162935	0.481429	0.499524	0.461429
6.163059	0.500952	0.494286	0.490238
6.163227	0.581429	0.558333	0.577857
6.163415	0.439048	0.463095	0.490952
6.163415	0.538810	0.446905	0.475000
6.163539	0.486429	0.498810	0.514048
6.164174	0.523810	0.495000	0.538810
6.164332	0.596905	0.519762	0.557857
6.164500	0.427619	0.542857	0.485000
6.164500	0.485714	0.423095	0.445476
6.164624	0.499048	0.495714	0.480714
6.164688	0.470952	0.494762	0.518571
6.164812	0.510714	0.510476	0.561429
6.164812	0.514286	0.489524	0.563333
6.165124	0.476429	0.451667	0.500714
6.165292	0.534762	0.524762	0.518571
6.165292	0.499762	0.513333	0.505000
6.165416	0.499762	0.433095	0.543571
6.165772	0.470476	0.470714	0.562857
6.165772	0.544048	0.556905	0.490238
6.165883	0.456429	0.462619	0.523571
6.165896	0.524762	0.471429	0.505000
6.166208	0.567619	0.529048	0.472143
6.166564	0.418571	0.433095	0.510714
6.166564	0.505238	0.524524	0.514524
6.166688	0.495476	0.489524	0.504286
6.167044	0.500000	0.495000	0.462143
6.167169	0.519286	0.399048	0.504286
6.167448	0.615714	0.543333	0.547857
6.167636	0.541429	0.520000	0.518571
6.167649	0.465714	0.403333	0.495238
6.167649	0.524048	0.476190	0.461429
6.167649	0.432619	0.480714	0.471190
6.167760	0.465000	0.543810	0.476429
6.167837	0.432619	0.441190	0.519762
6.167914	0.538571	0.587619	0.499524
6.167961	0.470952	0.465714	0.533095
6.168005	0.505952	0.441905	0.460952
6.168005	0.389762	0.466429	0.533571
6.168240	0.503810	0.514286	0.533095
6.168317	0.495952	0.452619	0.523571
6.168364	0.543095	0.571905	0.563333
6.168441	0.488571	0.489524	0.470952
6.168753	0.567381	0.515000	0.505476
6.168797	0.427857	0.601667	0.499524
6.168921	0.505000	0.450952	0.562857
6.169045	0.548571	0.461429	0.524524
6.169045	0.481190	0.475714	0.510714
6.169324	0.480238	0.534048	0.528333
6.169525	0.514286	0.447143	0.500238
6.169713	0.476190	0.533333	0.485238
6.169881	0.514048	0.563095	0.552619
6.170006	0.591429	0.490238	0.523571
6.170006	0.447857	0.452143	0.510000
6.170069	0.504524	0.538810	0.477381
6.170130	0.580476	0.496190	0.460952
6.170194	0.548810	0.509524	0.509286
6.170305	0.476190	0.514286	0.523571
6.170318	0.529048	0.590952	0.542619
6.170442	0.498333	0.500476	0.519762
6.170674	0.567619	0.578095	0.539286
6.171110	0.576190	0.534048	0.510238
6.171201	0.567143	0.558333	0.486667
6.171389	0.509762	0.466905	0.514524
6.171402	0.572143	0.523810	0.525000
6.171745	0.542857	0.534048	0.500000
6.171758	0.567381	0.534762	0.577143
6.172550	0.518571	0.524286	0.533095
6.172661	0.522857	0.572619	0.513810
6.172675	0.475238	0.562143	0.465238
6.172675	0.532857	0.510476	0.494762
6.172675	0.510000	0.529048	0.495238
6.172738	0.442619	0.427619	0.495000
6.172799	0.528333	0.519286	0.479762
6.173031	0.524048	0.557857	0.500238
6.173142	0.561429	0.548571	0.499762
6.173155	0.537381	0.524048	0.504524
6.174303	0.519286	0.495238	0.577143
6.174427	0.427857	0.451190	0.549286
6.174427	0.529286	0.538810	0.524524
6.174551	0.533095	0.525000	0.532619
6.174595	0.418333	0.567381	0.534286
6.174706	0.480238	0.566905	0.499286
6.174739	0.504048	0.553095	0.519762
6.174783	0.585714	0.563333	0.504524
6.175387	0.515000	0.571429	0.513571
6.175700	0.506190	0.490714	0.577381
6.175700	0.600000	0.514048	0.567143
6.175700	0.509762	0.506429	0.547381
6.175700	0.504524	0.509524	0.510714
6.175992	0.509762	0.532857	0.471429
6.176472	0.457143	0.533571	0.476190
6.176596	0.494048	0.487143	0.504524
6.176784	0.461667	0.442143	0.470714
6.176784	0.538810	0.490000	0.499286
6.176784	0.524286	0.558333	0.558095
6.176784	0.451905	0.533333	0.519286
6.177140	0.500952	0.547143	0.567381
6.177140	0.576190	0.576429	0.466905
6.177264	0.461905	0.460476	0.475952
6.177264	0.455952	0.427857	0.486667
6.177576	0.490476	0.543571	0.500952
6.177576	0.546905	0.543810	0.481905
6.177620	0.519762	0.581905	0.534048
6.177731	0.543333	0.567619	0.500238
6.177868	0.576905	0.624524	0.548571
6.178056	0.389524	0.500952	0.470714
6.178056	0.485238	0.508571	0.528333
6.178181	0.553095	0.453095	0.471190
6.178460	0.496190	0.460476	0.518095
6.179141	0.495476	0.538095	0.534286
6.179621	0.519762	0.528333	0.485952
6.179809	0.461190	0.442381	0.506429
6.180101	0.538571	0.485000	0.592143
6.180225	0.586190	0.519048	0.533810
6.180413	0.581667	0.484286	0.508810
6.180769	0.553095	0.553095	0.548333
6.181622	0.508333	0.508810	0.504762
6.181686	0.394524	0.365000	0.466667
6.181686	0.464524	0.562857	0.510238
6.181840	0.563095	0.513333	0.544048
6.182290	0.437143	0.495238	0.542857
6.182958	0.447381	0.538810	0.528810
6.183374	0.538333	0.537857	0.508810
6.183918	0.500714	0.542143	0.518810
6.184523	0.524524	0.514524	0.465952
6.184711	0.572381	0.561667	0.553810
6.184926	0.457619	0.557619	0.490952
6.185439	0.534286	0.542857	0.552857
6.185718	0.428095	0.514048	0.479762
6.185731	0.486190	0.437619	0.501190
6.185795	0.604762	0.557857	0.567143
6.185919	0.395238	0.413571	0.529048
6.186275	0.457857	0.573095	0.505476
6.186524	0.461429	0.423095	0.537857
6.187360	0.561905	0.489762	0.500000
6.187548	0.456905	0.485714	0.495238
6.188152	0.600476	0.533810	0.523571
6.188152	0.539524	0.581190	0.529286
6.188508	0.355476	0.457143	0.556905
6.189424	0.531667	0.527619	0.490476
6.189549	0.489762	0.442143	0.480952
6.190029	0.471905	0.500000	0.460714
6.191177	0.489524	0.484762	0.519762
6.191580	0.494524	0.504286	0.495000
6.192137	0.500238	0.504524	0.475952
6.192261	0.490238	0.543333	0.534286
6.193178	0.490952	0.489762	0.428333
6.194014	0.567381	0.548333	0.480714
6.194450	0.571429	0.538810	0.515000
6.194618	0.523571	0.528571	0.533571
6.196371	0.505000	0.467381	0.494048
6.198123	0.538810	0.509762	0.471190
6.198372	0.543571	0.542381	0.539762
6.198728	0.524524	0.509524	0.515476
6.199396	0.534762	0.441905	0.441905
6.200792	0.509524	0.538571	0.528333
6.201877	0.519048	0.495000	0.546905
6.201877	0.500000	0.484762	0.495476
6.202917	0.457857	0.476429	0.515000
6.203149	0.514048	0.523810	0.519524
6.203273	0.557857	0.539524	0.476667
6.204902	0.484762	0.519762	0.537619
6.205429	0.485000	0.548095	0.490238
6.205506	0.582381	0.611429	0.475476
6.207383	0.446429	0.461429	0.495952
6.207863	0.472143	0.509048	0.519762
6.208051	0.504286	0.558333	0.501190
6.208454	0.547381	0.585952	0.519048
6.211368	0.591905	0.543095	0.499524
6.212764	0.480714	0.524286	0.505000
6.213369	0.446667	0.457381	0.495714
6.213960	0.519524	0.529286	0.505238
6.215121	0.499286	0.514524	0.504286
6.222004	0.567143	0.577143	0.571667
6.222504	0.505000	0.568095	0.495476
6.225821	0.500238	0.495000	0.528810
6.227282	0.499762	0.485714	0.481429
6.227342	0.432143	0.470000	0.479762
6.229638	0.514762	0.490000	0.485714
6.236541	0.432143	0.552857	0.543333
