The prediction result of nb
0.690476
0.714286
0.690476
0.690476
0.714286
0.738095
0.714286
0.690476
0.714286
0.690476
0.690476
0.714286
0.761905
0.714286
0.738095
0.714286
0.714286
0.690476
0.690476
0.690476
0.761905
0.690476
0.714286
0.714286
0.714286
0.714286
0.714286
0.690476
0.690476
0.738095
0.714286
0.690476
0.714286
0.690476
0.714286
0.738095
0.714286
0.714286
0.714286
0.690476
0.714286
0.714286
0.666667
0.690476
0.738095
0.714286
0.714286
0.738095
0.738095
0.738095
0.738095
0.761905
0.714286
0.690476
0.690476
0.690476
0.738095
0.714286
0.690476
0.714286
0.714286
0.714286
0.738095
0.714286
0.761905
0.761905
0.761905
0.714286
0.738095
0.714286
0.738095
0.714286
0.714286
0.738095
0.714286
0.761905
0.714286
0.714286
0.738095
0.714286
0.738095
0.714286
0.761905
0.738095
0.761905
0.761905
0.714286
0.738095
0.714286
0.738095
0.738095
0.690476
0.714286
0.714286
0.738095
0.738095
0.761905
0.761905
0.690476
0.761905
0.714286
0.738095
0.809524
0.714286
0.738095
0.714286
0.714286
0.738095
0.714286
0.738095
0.738095
0.738095
0.809524
0.738095
0.761905
0.761905
0.738095
0.714286
0.785714
0.738095
0.714286
0.738095
0.761905
0.714286
0.738095
0.761905
