The prediction result of tree
0.809524
0.880952
0.809524
0.833333
0.809524
0.857143
0.809524
0.833333
0.785714
0.833333
0.857143
0.833333
0.809524
0.833333
0.857143
0.833333
0.785714
0.809524
0.833333
0.809524
0.785714
0.857143
0.785714
0.904762
0.928571
0.857143
0.833333
0.809524
0.809524
0.833333
0.880952
0.857143
0.880952
0.928571
0.833333
0.833333
0.880952
0.857143
0.833333
0.928571
0.952381
0.833333
0.880952
0.928571
0.833333
0.880952
0.809524
0.880952
0.833333
0.880952
0.833333
0.880952
0.833333
0.857143
0.928571
0.880952
0.904762
0.880952
0.952381
0.880952
0.952381
0.857143
0.952381
0.952381
0.928571
0.880952
0.976190
0.880952
0.880952
0.880952
0.904762
0.880952
0.904762
0.928571
0.880952
0.904762
0.857143
0.904762
0.976190
0.928571
0.928571
0.952381
0.880952
0.904762
0.928571
0.880952
0.928571
0.880952
0.952381
0.952381
1.000000
0.928571
0.904762
0.880952
0.976190
0.904762
1.000000
0.952381
0.904762
0.880952
0.928571
0.976190
0.857143
0.976190
0.976190
0.976190
0.928571
0.976190
0.928571
1.000000
0.952381
0.928571
0.976190
0.952381
1.000000
0.904762
0.952381
0.976190
0.928571
0.952381
0.976190
0.976190
0.976190
0.976190
0.976190
1.000000
