The prediction result of svm
0.785714
0.761905
0.785714
0.738095
0.833333
0.809524
0.809524
0.809524
0.761905
0.785714
0.785714
0.785714
0.761905
0.785714
0.833333
0.785714
0.785714
0.785714
0.785714
0.785714
0.785714
0.833333
0.809524
0.785714
0.809524
0.761905
0.785714
0.761905
0.785714
0.761905
0.785714
0.738095
0.738095
0.738095
0.785714
0.785714
0.809524
0.785714
0.761905
0.761905
0.785714
0.809524
0.809524
0.809524
0.809524
0.761905
0.785714
0.857143
0.809524
0.785714
0.785714
0.785714
0.761905
0.761905
0.809524
0.785714
0.857143
0.809524
0.785714
0.785714
0.761905
0.785714
0.785714
0.833333
0.809524
0.761905
0.809524
0.785714
0.809524
0.785714
0.809524
0.785714
0.809524
0.833333
0.833333
0.761905
0.833333
0.809524
0.833333
0.785714
0.761905
0.833333
0.809524
0.785714
0.809524
0.809524
0.809524
0.809524
0.785714
0.809524
0.809524
0.833333
0.833333
0.857143
0.809524
0.809524
0.809524
0.809524
0.809524
0.809524
0.857143
0.761905
0.809524
0.809524
0.785714
0.833333
0.857143
0.761905
0.809524
0.785714
0.809524
0.809524
0.809524
0.809524
0.809524
0.809524
0.833333
0.809524
0.785714
0.761905
0.809524
0.785714
0.809524
0.761905
0.833333
0.809524
