The prediction result of nn
0.738095
0.809524
0.761905
0.833333
0.761905
0.809524
0.809524
0.761905
0.785714
0.761905
0.761905
0.761905
0.761905
0.761905
0.761905
0.761905
0.785714
0.761905
0.761905
0.761905
0.857143
0.857143
0.761905
0.785714
0.857143
0.761905
0.809524
0.761905
0.761905
0.761905
0.738095
0.785714
0.785714
0.761905
0.761905
0.761905
0.761905
0.857143
0.785714
0.761905
0.761905
0.785714
0.761905
0.761905
0.761905
0.690476
0.761905
0.738095
0.761905
0.761905
0.785714
0.761905
0.738095
0.761905
0.761905
0.714286
0.761905
0.761905
0.761905
0.761905
0.761905
0.809524
0.761905
0.785714
0.809524
0.761905
0.714286
0.761905
0.761905
0.761905
0.809524
0.761905
0.761905
0.761905
0.738095
0.809524
0.785714
0.761905
0.809524
0.761905
0.738095
0.761905
0.833333
0.761905
0.785714
0.785714
0.761905
0.761905
0.761905
0.809524
0.761905
0.761905
0.761905
0.738095
0.738095
0.761905
0.785714
0.761905
0.785714
0.785714
0.761905
0.809524
0.761905
0.761905
0.809524
0.761905
0.857143
0.738095
0.809524
0.738095
0.785714
0.833333
0.761905
0.761905
0.761905
0.857143
0.761905
0.785714
0.833333
0.761905
0.809524
0.761905
0.785714
0.761905
0.738095
0.761905
