The prediction result of nb
0.313433
0.611940
0.313433
0.611940
0.313433
0.611940
0.313433
0.313433
0.313433
0.611940
0.089552
0.313433
0.313433
0.611940
0.089552
0.626866
0.611940
0.313433
0.074627
0.611940
0.074627
0.313433
0.313433
0.313433
0.611940
0.089552
0.611940
0.313433
0.611940
0.074627
0.313433
0.089552
0.089552
0.313433
0.313433
0.074627
0.313433
0.611940
0.089552
0.089552
0.074627
0.089552
0.611940
0.611940
0.313433
0.313433
0.074627
0.611940
0.074627
0.313433
0.582090
0.611940
0.089552
0.611940
0.313433
0.611940
0.313433
0.611940
0.313433
0.611940
0.313433
0.626866
0.074627
0.313433
0.582090
0.313433
0.626866
0.074627
0.611940
0.089552
0.626866
0.611940
0.626866
0.611940
0.611940
0.313433
0.089552
0.298507
0.074627
0.582090
0.089552
0.611940
0.313433
0.089552
0.611940
0.611940
0.104478
0.104478
0.089552
0.582090
0.074627
0.089552
0.313433
0.611940
0.597015
0.074627
0.074627
0.298507
0.313433
0.626866
0.104478
0.074627
0.104478
0.611940
0.089552
0.074627
0.089552
0.074627
0.298507
0.104478
0.074627
0.104478
0.119403
0.582090
0.104478
0.104478
0.611940
0.597015
0.313433
0.597015
0.597015
0.626866
0.074627
0.611940
0.313433
0.313433
0.597015
0.597015
0.089552
0.611940
0.104478
0.597015
0.626866
0.313433
0.313433
0.597015
0.611940
0.074627
0.074627
0.074627
0.611940
0.582090
0.074627
0.328358
0.626866
0.313433
0.313433
0.626866
0.641791
0.313433
0.074627
0.104478
0.611940
0.104478
0.626866
0.089552
0.611940
0.611940
0.104478
0.611940
0.611940
0.298507
0.611940
0.074627
0.298507
0.611940
0.313433
0.104478
0.582090
0.611940
0.089552
0.611940
0.104478
0.298507
0.611940
0.611940
0.089552
0.313433
0.313433
0.641791
0.298507
0.074627
0.611940
0.611940
0.597015
0.611940
0.089552
0.567164
0.597015
0.298507
0.611940
0.611940
0.611940
0.313433
0.074627
0.298507
0.611940
0.074627
0.597015
0.611940
0.089552
0.074627
0.343284
0.074627
0.313433
0.597015
0.074627
0.611940
0.626866
0.313433
0.104478
0.626866
0.388060
0.611940
0.611940
0.611940
0.611940
0.626866
0.626866
0.313433
0.611940
0.074627
0.611940
0.611940
0.626866
0.611940
0.313433
0.611940
0.074627
0.611940
0.089552
0.313433
0.074627
0.582090
0.313433
0.626866
0.343284
0.104478
0.641791
0.343284
0.089552
0.626866
0.626866
0.313433
0.611940
0.626866
0.074627
0.074627
0.582090
0.373134
0.641791
0.104478
0.611940
0.626866
0.611940
0.074627
0.611940
0.104478
0.313433
0.104478
0.611940
0.626866
0.104478
0.611940
0.597015
0.313433
0.611940
0.611940
0.611940
0.104478
0.313433
0.626866
0.313433
0.611940
0.567164
0.313433
0.611940
0.089552
0.597015
0.626866
0.089552
0.611940
0.611940
0.074627
0.641791
0.313433
0.582090
0.611940
0.597015
0.313433
0.611940
0.611940
0.597015
0.074627
0.074627
0.611940
0.656716
0.611940
0.313433
0.611940
0.626866
0.074627
0.597015
0.611940
0.089552
0.313433
0.626866
0.611940
0.582090
0.313433
0.611940
0.611940
0.626866
0.611940
0.313433
0.611940
0.611940
0.074627
0.104478
0.611940
0.089552
0.611940
0.313433
0.611940
0.074627
0.611940
0.611940
0.313433
0.626866
0.611940
0.626866
0.611940
0.417910
0.611940
0.611940
0.611940
0.626866
0.626866
0.611940
0.313433
0.626866
0.611940
0.074627
0.074627
0.611940
0.611940
0.402985
0.089552
0.074627
0.611940
0.611940
0.611940
0.313433
0.074627
0.611940
0.611940
0.611940
0.104478
0.388060
0.582090
0.626866
0.104478
0.611940
0.626866
0.313433
0.611940
0.611940
0.641791
0.641791
0.626866
0.611940
0.313433
0.641791
0.611940
0.641791
0.611940
0.074627
0.641791
0.611940
0.313433
0.611940
0.641791
0.611940
0.104478
0.611940
0.089552
0.597015
0.074627
0.626866
0.641791
0.313433
0.626866
0.313433
0.597015
0.611940
0.611940
0.104478
0.089552
0.611940
0.611940
0.597015
0.641791
0.313433
0.447761
0.626866
0.074627
0.626866
0.611940
0.074627
0.611940
0.611940
0.313433
0.611940
0.611940
0.313433
0.611940
0.597015
0.611940
0.611940
0.611940
0.611940
0.597015
0.104478
0.313433
0.626866
0.611940
0.313433
0.611940
0.089552
0.611940
0.313433
0.089552
0.611940
0.313433
0.611940
0.611940
0.313433
0.074627
0.611940
0.597015
0.104478
0.611940
0.656716
0.626866
0.074627
0.626866
0.611940
0.611940
0.656716
0.611940
0.626866
0.611940
0.641791
0.641791
0.074627
0.611940
0.611940
0.313433
0.626866
0.626866
0.597015
0.313433
0.089552
0.611940
0.611940
0.626866
0.611940
0.074627
0.582090
0.611940
0.656716
0.611940
0.611940
0.313433
0.597015
0.074627
0.611940
0.611940
0.313433
0.641791
0.611940
0.089552
0.611940
0.104478
0.582090
0.611940
0.313433
0.626866
0.313433
0.611940
0.611940
0.611940
0.611940
0.074627
0.597015
0.567164
0.641791
0.611940
0.313433
0.611940
0.611940
0.462687
0.626866
0.626866
0.313433
0.611940
0.074627
0.611940
0.089552
0.626866
0.626866
0.597015
0.611940
0.611940
0.611940
0.611940
0.313433
0.611940
0.074627
0.611940
0.313433
0.313433
0.611940
0.074627
0.611940
0.597015
0.611940
0.611940
0.611940
0.611940
0.611940
0.313433
0.611940
0.074627
0.626866
0.611940
0.313433
0.611940
0.313433
0.626866
0.611940
0.089552
0.507463
0.611940
0.104478
0.611940
0.611940
0.313433
0.313433
0.626866
0.104478
0.626866
0.626866
0.537313
0.313433
0.611940
0.074627
0.611940
0.611940
0.089552
0.089552
0.641791
0.313433
0.626866
0.313433
0.611940
0.611940
0.074627
0.313433
0.313433
0.611940
0.611940
0.089552
0.611940
0.611940
0.074627
0.611940
0.582090
0.089552
0.671642
0.611940
0.626866
0.611940
0.611940
0.611940
0.313433
0.313433
0.074627
0.626866
0.074627
0.074627
0.626866
0.104478
0.597015
0.611940
0.656716
0.611940
0.611940
0.597015
0.611940
0.626866
0.582090
0.626866
0.611940
0.552239
0.611940
0.641791
0.626866
0.611940
0.104478
0.641791
0.074627
0.611940
0.611940
0.611940
0.611940
0.582090
0.656716
0.582090
0.611940
0.597015
0.597015
0.611940
0.626866
0.537313
0.537313
0.611940
0.074627
0.537313
0.104478
0.567164
0.656716
0.611940
0.626866
0.626866
0.582090
0.626866
0.611940
0.611940
0.611940
0.074627
0.626866
0.611940
0.597015
0.074627
0.611940
0.074627
0.626866
0.611940
0.104478
0.567164
0.611940
0.597015
0.074627
0.104478
0.611940
0.611940
0.611940
0.626866
0.611940
0.641791
0.611940
0.104478
0.611940
0.626866
0.597015
0.611940
0.611940
0.656716
0.611940
0.611940
0.611940
0.104478
0.104478
0.611940
0.597015
0.611940
0.626866
0.597015
0.611940
0.611940
0.611940
0.597015
0.611940
0.611940
0.611940
0.597015
0.597015
0.626866
0.656716
0.582090
0.626866
0.611940
0.641791
0.611940
0.611940
0.641791
0.611940
0.656716
0.582090
0.611940
0.611940
0.611940
0.641791
0.626866
0.611940
0.611940
0.611940
0.611940
0.641791
0.611940
0.611940
0.626866
0.611940
0.611940
0.611940
0.611940
0.611940
0.582090
0.611940
0.611940
0.567164
0.611940
0.626866
0.582090
0.611940
0.656716
0.611940
0.641791
0.656716
0.611940
0.611940
0.641791
0.611940
0.611940
0.626866
0.611940
0.611940
0.641791
0.626866
0.611940
0.611940
0.611940
0.641791
0.671642
0.626866
0.611940
0.626866
0.641791
0.611940
0.611940
0.626866
0.626866
0.611940
0.626866
0.626866
0.626866
0.626866
0.611940
0.611940
0.641791
0.626866
0.611940
0.611940
0.611940
0.611940
0.611940
0.656716
0.611940
0.611940
0.611940
0.626866
0.611940
0.611940
0.582090
0.611940
0.626866
0.641791
0.611940
0.641791
0.611940
0.611940
0.641791
0.626866
0.611940
0.611940
0.611940
0.626866
0.626866
0.597015
0.656716
0.611940
0.656716
0.626866
0.611940
0.611940
0.641791
0.626866
0.656716
0.611940
0.611940
0.626866
0.641791
0.626866
0.597015
0.611940
0.656716
0.611940
0.611940
0.611940
0.641791
0.641791
0.611940
0.611940
0.597015
0.582090
0.641791
0.611940
0.626866
0.671642
0.611940
0.626866
0.641791
0.611940
0.611940
0.641791
0.611940
0.641791
0.611940
0.611940
0.582090
0.626866
0.626866
0.611940
0.611940
0.611940
0.611940
0.641791
0.611940
0.626866
0.611940
0.656716
0.611940
0.641791
0.611940
0.611940
0.626866
0.611940
0.611940
0.611940
0.611940
0.626866
0.611940
0.626866
0.597015
0.552239
0.611940
0.686567
0.611940
0.611940
0.626866
