The prediction result of tree
0.496124
0.837209
0.829457
0.860465
0.496124
0.496124
0.829457
0.496124
0.496124
0.852713
0.496124
0.837209
0.883721
0.496124
0.860465
0.922481
0.875969
0.496124
0.496124
0.829457
0.496124
0.837209
0.829457
0.496124
0.496124
0.496124
0.860465
0.496124
0.829457
0.829457
0.496124
0.860465
0.906977
0.875969
0.937984
0.496124
0.496124
0.496124
0.496124
0.829457
0.496124
0.496124
0.852713
0.496124
0.829457
0.829457
0.875969
0.496124
0.496124
0.860465
0.496124
0.891473
0.937984
0.496124
0.496124
0.496124
0.829457
0.496124
0.496124
0.829457
0.496124
0.829457
0.829457
0.496124
0.860465
0.906977
0.496124
0.496124
0.496124
0.860465
