The prediction result of nb
0.418605
0.806202
0.759690
0.806202
0.418605
0.263566
0.759690
0.480620
0.418605
0.806202
0.418605
0.806202
0.759690
0.480620
0.837209
0.806202
0.775194
0.418605
0.263566
0.759690
0.418605
0.806202
0.759690
0.418605
0.480620
0.418605
0.806202
0.310078
0.775194
0.682171
0.449612
0.821705
0.759690
0.775194
0.821705
0.263566
0.418605
0.418605
0.263566
0.759690
0.480620
0.418605
0.806202
0.310078
0.775194
0.821705
0.775194
0.449612
0.325581
0.759690
0.449612
0.821705
0.759690
0.418605
0.310078
0.015504
0.682171
0.449612
0.325581
0.759690
0.310078
0.775194
0.682171
0.449612
0.821705
0.759690
0.325581
0.449612
0.325581
0.759690
