The prediction result of nn
0.496124
0.837209
0.829457
0.844961
0.496124
0.496124
0.829457
0.496124
0.496124
0.852713
0.496124
0.837209
0.883721
0.496124
0.837209
0.868217
0.852713
0.496124
0.496124
0.829457
0.496124
0.837209
0.829457
0.496124
0.496124
0.496124
0.829457
0.496124
0.829457
0.829457
0.496124
0.829457
0.860465
0.899225
0.875969
0.496124
0.496124
0.496124
0.496124
0.829457
0.496124
0.496124
0.837209
0.496124
0.829457
0.829457
0.875969
0.496124
0.496124
0.860465
0.496124
0.860465
0.860465
0.496124
0.496124
0.496124
0.829457
0.496124
0.496124
0.860465
0.496124
0.829457
0.875969
0.496124
0.829457
0.906977
0.496124
0.496124
0.496124
0.829457
