The prediction result of svm
0.496124
0.837209
0.829457
0.860465
0.496124
0.496124
0.829457
0.496124
0.496124
0.829457
0.496124
0.829457
0.829457
0.496124
0.837209
0.906977
0.875969
0.496124
0.496124
0.829457
0.496124
0.837209
0.829457
0.496124
0.496124
0.496124
0.829457
0.496124
0.829457
0.829457
0.496124
0.829457
0.906977
0.875969
0.922481
0.496124
0.496124
0.496124
0.496124
0.829457
0.496124
0.496124
0.829457
0.496124
0.829457
0.829457
0.875969
0.496124
0.496124
0.829457
0.496124
0.829457
0.906977
0.496124
0.496124
0.496124
0.829457
0.496124
0.496124
0.829457
0.496124
0.829457
0.829457
0.496124
0.829457
0.906977
0.496124
0.496124
0.496124
0.829457
