The prediction result of svm
0.895652
0.878261
0.878261
0.860870
0.869565
0.913043
0.886957
0.904348
0.913043
0.913043
0.921739
0.904348
0.886957
0.878261
0.913043
0.878261
0.913043
0.947826
0.921739
0.921739
0.895652
0.895652
0.913043
0.973913
0.956522
0.895652
0.939130
0.930435
0.956522
0.939130
0.913043
0.956522
0.921739
0.913043
0.965217
0.947826
0.965217
0.947826
0.913043
0.939130
0.965217
0.930435
1.000000
0.913043
0.947826
0.973913
0.956522
0.947826
0.956522
0.956522
0.956522
0.930435
0.965217
0.947826
0.930435
0.947826
0.973913
0.965217
0.939130
0.947826
0.973913
0.965217
0.973913
0.947826
0.965217
0.956522
0.982609
0.956522
0.930435
0.973913
