The prediction result of nn
0.253731
0.328358
0.313433
0.268657
0.298507
0.253731
0.328358
0.253731
0.328358
0.283582
0.253731
0.253731
0.313433
0.253731
0.238806
0.238806
0.268657
0.328358
0.268657
0.298507
0.268657
0.298507
0.343284
0.253731
0.343284
0.253731
0.313433
0.313433
0.253731
0.223881
0.283582
0.313433
0.253731
0.328358
0.253731
0.268657
0.283582
0.328358
0.283582
0.373134
0.253731
0.298507
0.313433
0.268657
0.283582
0.253731
0.283582
0.328358
0.298507
0.313433
0.298507
0.313433
0.253731
0.313433
0.328358
0.268657
0.238806
0.328358
0.313433
0.253731
0.268657
0.298507
0.358209
0.283582
0.298507
0.268657
0.253731
0.313433
0.268657
0.298507
0.298507
0.313433
0.328358
0.253731
0.388060
0.313433
0.358209
0.328358
0.253731
0.298507
0.253731
0.283582
0.313433
0.328358
0.238806
0.328358
0.313433
0.253731
0.313433
0.298507
0.253731
0.283582
0.343284
0.298507
0.253731
0.283582
0.373134
0.268657
0.298507
0.373134
0.313433
0.313433
0.328358
0.253731
0.268657
0.298507
0.313433
0.343284
0.253731
0.253731
0.373134
0.343284
0.253731
0.283582
0.283582
0.298507
0.253731
0.328358
0.298507
0.298507
0.358209
0.313433
0.283582
0.283582
0.373134
0.328358
0.313433
0.328358
0.268657
0.283582
0.298507
0.313433
0.253731
0.313433
0.313433
0.313433
0.313433
0.283582
0.313433
0.328358
0.313433
0.238806
0.313433
0.328358
0.253731
0.283582
0.343284
0.283582
0.343284
0.283582
0.253731
0.328358
0.313433
0.253731
0.388060
0.328358
0.223881
0.268657
0.268657
0.298507
0.402985
0.238806
0.268657
0.283582
0.253731
0.328358
0.313433
0.373134
0.253731
0.253731
0.313433
0.313433
0.313433
0.328358
0.313433
0.328358
0.313433
0.298507
0.298507
0.328358
0.328358
0.253731
0.298507
0.313433
0.313433
0.343284
0.283582
0.328358
0.298507
0.313433
0.313433
0.223881
0.358209
0.253731
0.343284
0.358209
0.253731
0.313433
0.298507
0.328358
0.298507
0.328358
0.328358
0.283582
0.313433
0.283582
0.313433
0.358209
0.283582
0.283582
0.313433
0.298507
0.268657
0.268657
0.388060
0.283582
0.313433
0.343284
0.328358
0.313433
0.268657
0.358209
0.268657
0.328358
0.313433
0.373134
0.313433
0.328358
0.268657
0.313433
0.298507
0.223881
0.313433
0.283582
0.208955
0.358209
0.313433
0.298507
0.253731
0.313433
0.298507
0.298507
0.298507
0.298507
0.373134
0.313433
0.373134
0.223881
0.402985
0.313433
0.328358
0.283582
0.268657
0.328358
0.283582
0.388060
0.268657
0.283582
0.373134
0.358209
0.328358
0.268657
0.343284
0.328358
0.253731
0.313433
0.343284
0.313433
0.343284
0.388060
0.298507
0.298507
0.253731
0.313433
0.358209
0.328358
0.283582
0.313433
0.373134
0.328358
0.343284
0.358209
0.268657
0.328358
0.388060
0.328358
0.388060
0.313433
0.253731
0.328358
0.358209
0.283582
0.313433
0.313433
0.328358
0.343284
0.313433
0.253731
0.313433
0.343284
0.358209
0.343284
0.253731
0.388060
0.328358
0.238806
0.328358
0.283582
0.298507
0.358209
0.373134
0.313433
0.313433
0.223881
0.298507
0.268657
0.253731
0.253731
0.328358
0.373134
0.358209
0.283582
0.358209
0.313433
0.268657
0.328358
0.343284
0.373134
0.313433
0.328358
0.313433
0.268657
0.358209
0.298507
0.253731
0.223881
0.223881
0.358209
0.343284
0.283582
0.402985
0.358209
0.313433
0.343284
0.358209
0.313433
0.313433
0.328358
0.268657
0.343284
0.313433
0.343284
0.328358
0.283582
0.298507
0.358209
0.253731
0.373134
0.373134
0.388060
0.328358
0.328358
0.253731
0.283582
0.298507
0.298507
0.238806
0.328358
0.313433
0.298507
0.253731
0.298507
0.238806
0.298507
0.298507
0.298507
0.328358
0.373134
0.402985
0.238806
0.313433
0.283582
0.268657
0.313433
0.283582
0.283582
0.313433
0.328358
0.298507
0.283582
0.268657
0.358209
0.358209
0.268657
0.358209
0.313433
0.358209
0.328358
0.328358
0.358209
0.298507
0.268657
0.358209
0.313433
0.388060
0.328358
0.283582
0.253731
0.343284
0.268657
0.343284
0.343284
0.343284
0.313433
0.343284
0.298507
0.373134
0.328358
0.313433
0.283582
0.358209
0.328358
0.373134
0.358209
0.388060
0.313433
0.313433
0.253731
0.343284
0.388060
0.358209
0.313433
0.343284
0.373134
0.283582
0.298507
0.328358
0.328358
0.373134
0.358209
0.328358
0.268657
0.268657
0.283582
0.343284
0.343284
0.313433
0.343284
0.402985
0.298507
0.343284
0.328358
0.328358
0.283582
0.328358
0.298507
0.298507
0.328358
0.388060
0.253731
0.253731
0.253731
0.283582
0.388060
0.313433
0.402985
0.402985
0.373134
0.328358
0.283582
0.358209
0.313433
0.313433
0.402985
0.328358
0.373134
0.238806
0.373134
0.328358
0.298507
0.343284
0.298507
0.298507
0.402985
0.298507
0.313433
0.283582
0.208955
0.253731
0.358209
0.373134
0.358209
0.343284
0.358209
0.283582
0.358209
0.343284
0.343284
0.238806
0.328358
0.373134
0.358209
0.268657
0.223881
0.283582
0.298507
0.253731
0.298507
0.283582
0.253731
0.283582
0.298507
0.253731
0.268657
0.283582
0.238806
0.388060
0.253731
0.283582
0.268657
0.283582
0.208955
0.283582
0.283582
0.343284
0.313433
0.298507
0.328358
0.343284
0.283582
0.283582
0.283582
0.298507
0.298507
0.358209
0.298507
0.298507
0.313433
0.328358
0.388060
0.238806
0.328358
0.373134
0.328358
0.388060
0.283582
0.268657
0.268657
0.253731
0.328358
0.358209
0.283582
0.328358
0.283582
0.283582
0.283582
0.283582
0.298507
0.358209
0.388060
0.328358
0.313433
0.268657
0.402985
0.298507
0.328358
0.283582
0.298507
0.417910
0.373134
0.358209
0.283582
0.298507
0.283582
0.268657
0.343284
0.328358
0.358209
0.253731
0.402985
0.343284
0.328358
0.268657
0.402985
0.313433
0.313433
0.268657
0.328358
0.298507
0.388060
0.313433
0.432836
0.313433
0.238806
0.313433
0.328358
0.343284
0.373134
0.268657
0.358209
0.343284
0.268657
0.373134
0.358209
0.283582
0.298507
0.253731
0.343284
0.298507
0.373134
0.358209
0.283582
0.253731
0.388060
0.313433
0.283582
0.298507
0.328358
0.253731
0.298507
0.313433
0.343284
0.328358
0.283582
0.253731
0.298507
0.298507
0.328358
0.298507
0.268657
0.313433
0.298507
0.343284
0.283582
0.268657
0.328358
0.313433
0.283582
0.268657
0.373134
0.268657
0.343284
0.298507
0.343284
0.328358
0.373134
0.328358
0.373134
0.328358
0.328358
0.283582
0.358209
0.268657
0.328358
0.328358
0.313433
0.313433
0.358209
0.328358
0.298507
0.343284
0.268657
0.238806
0.343284
0.298507
0.343284
0.298507
0.388060
0.238806
0.298507
0.402985
0.343284
0.388060
0.283582
0.328358
0.268657
0.298507
0.298507
0.343284
0.298507
