The prediction result of tree
0.960526
0.947368
0.934211
0.947368
0.960526
0.960526
0.986842
0.973684
0.960526
0.973684
0.947368
0.986842
0.934211
0.986842
0.986842
0.973684
1.000000
1.000000
0.973684
0.986842
0.973684
0.986842
0.986842
1.000000
0.986842
0.986842
1.000000
1.000000
1.000000
0.960526
1.000000
0.986842
0.986842
0.986842
0.986842
1.000000
0.973684
1.000000
0.986842
1.000000
1.000000
1.000000
1.000000
1.000000
0.973684
1.000000
0.986842
0.986842
1.000000
1.000000
0.986842
1.000000
1.000000
1.000000
1.000000
1.000000
0.986842
1.000000
1.000000
1.000000
1.000000
1.000000
1.000000
0.986842
1.000000
1.000000
1.000000
1.000000
1.000000
1.000000
