The prediction result of nb
0.684211
0.631579
0.618421
0.565789
0.618421
0.578947
0.578947
0.618421
0.578947
0.552632
0.578947
0.578947
0.578947
0.578947
0.592105
0.697368
0.657895
0.684211
0.631579
0.684211
0.605263
0.644737
0.644737
0.618421
0.578947
0.605263
0.578947
0.644737
0.631579
0.592105
0.565789
0.618421
0.578947
0.578947
0.644737
0.578947
0.565789
0.618421
0.631579
0.565789
0.592105
0.618421
0.618421
0.644737
0.605263
0.631579
0.578947
0.565789
0.644737
0.578947
0.631579
0.578947
0.578947
0.618421
0.578947
0.565789
0.565789
0.578947
0.631579
0.552632
0.565789
0.605263
0.618421
0.631579
0.578947
0.578947
0.618421
0.578947
0.578947
0.631579
