The prediction result of nn
0.723684
0.618421
0.644737
0.657895
0.671053
0.710526
0.644737
0.605263
0.710526
0.657895
0.605263
0.618421
0.605263
0.684211
0.644737
0.684211
0.605263
0.657895
0.618421
0.697368
0.736842
0.671053
0.513158
0.710526
0.671053
0.605263
0.657895
0.697368
0.631579
0.671053
0.513158
0.631579
0.565789
0.631579
0.671053
0.644737
0.684211
0.684211
0.710526
0.605263
0.684211
0.618421
0.697368
0.618421
0.644737
0.723684
0.552632
0.684211
0.592105
0.631579
0.710526
0.618421
0.605263
0.578947
0.605263
0.605263
0.684211
0.605263
0.605263
0.605263
0.539474
0.723684
0.631579
0.710526
0.552632
0.631579
0.723684
0.618421
0.631579
0.657895
