The prediction result of svm
0.907895
0.855263
0.921053
0.855263
0.894737
0.921053
0.921053
0.907895
0.881579
0.907895
0.934211
0.947368
0.894737
0.934211
0.921053
0.894737
0.921053
0.960526
0.947368
0.960526
0.947368
0.947368
0.921053
1.000000
0.960526
0.960526
0.973684
0.973684
0.947368
0.960526
0.921053
0.960526
0.960526
0.907895
0.973684
1.000000
0.947368
0.986842
0.921053
0.934211
1.000000
0.947368
1.000000
0.947368
0.934211
1.000000
0.934211
0.973684
0.934211
0.960526
1.000000
0.947368
0.986842
0.947368
1.000000
0.973684
0.986842
0.960526
0.973684
0.973684
0.986842
1.000000
1.000000
0.947368
1.000000
0.960526
1.000000
0.973684
0.973684
0.986842
