The prediction result of svm
0.906250
0.937500
0.812500
0.937500
0.906250
0.937500
0.875000
0.875000
0.906250
0.875000
0.906250
0.968750
0.968750
0.906250
0.937500
0.843750
1.000000
1.000000
0.968750
1.000000
1.000000
0.937500
1.000000
1.000000
1.000000
0.968750
0.906250
0.937500
0.968750
0.968750
0.875000
0.937500
0.906250
0.875000
0.968750
0.968750
0.968750
0.906250
0.906250
0.843750
1.000000
0.968750
1.000000
1.000000
0.968750
0.968750
1.000000
1.000000
1.000000
0.968750
1.000000
1.000000
0.968750
1.000000
1.000000
0.968750
0.968750
0.906250
1.000000
1.000000
1.000000
0.968750
0.968750
0.937500
1.000000
1.000000
1.000000
1.000000
1.000000
1.000000
1.000000
0.906250
0.937500
0.968750
0.968750
0.968750
0.968750
0.968750
1.000000
0.968750
0.968750
0.968750
1.000000
1.000000
1.000000
0.937500
0.937500
1.000000
1.000000
1.000000
1.000000
1.000000
1.000000
0.968750
1.000000
1.000000
1.000000
1.000000
1.000000
1.000000
1.000000
1.000000
1.000000
1.000000
1.000000
1.000000
1.000000
1.000000
0.937500
1.000000
1.000000
1.000000
0.968750
1.000000
1.000000
0.968750
0.968750
0.937500
1.000000
0.968750
0.937500
1.000000
0.968750
1.000000
0.937500
0.875000
