The prediction result of nn
0.437500
0.437500
0.437500
0.437500
0.437500
0.437500
0.437500
0.437500
0.437500
0.468750
0.437500
0.437500
0.437500
0.437500
0.437500
0.437500
0.437500
0.437500
0.437500
0.437500
0.437500
0.437500
0.437500
0.437500
0.437500
0.437500
0.437500
0.437500
0.437500
0.437500
0.437500
0.437500
0.437500
0.437500
0.437500
0.437500
0.218750
0.437500
0.437500
0.437500
0.437500
0.437500
0.437500
0.437500
0.437500
0.437500
0.437500
0.437500
0.437500
0.437500
0.437500
0.437500
0.437500
0.437500
0.437500
0.437500
0.437500
0.437500
0.218750
0.437500
0.437500
0.437500
0.437500
0.437500
0.437500
0.437500
0.437500
0.437500
0.312500
0.437500
0.437500
0.437500
0.437500
0.437500
0.437500
0.437500
0.437500
0.437500
0.437500
0.437500
0.437500
0.218750
0.437500
0.437500
0.437500
0.437500
0.437500
0.437500
0.437500
0.437500
0.437500
0.437500
0.437500
0.187500
0.437500
0.437500
0.437500
0.437500
0.437500
0.437500
0.437500
0.437500
0.437500
0.437500
0.437500
0.437500
0.437500
0.437500
0.437500
0.437500
0.437500
0.437500
0.437500
0.437500
0.437500
0.437500
0.437500
0.437500
0.437500
0.250000
0.437500
0.437500
0.437500
0.437500
0.437500
0.437500
